X	Y
18.624	32.286
18.639	32.265
18.657	32.244
18.677	32.223
18.699	32.203
18.723	32.183
18.748	32.163
18.774	32.142
18.801	32.122
18.828	32.101
18.855	32.079
18.881	32.057
18.907	32.034
18.932	32.010
18.956	31.985
18.978	31.959
18.997	31.931
19.015	31.902
19.032	31.871
19.047	31.839
19.061	31.807
19.074	31.772
19.086	31.737
19.099	31.701
19.111	31.663
19.124	31.625
19.137	31.586
19.151	31.546
19.166	31.505
19.182	31.463
19.200	31.421
19.220	31.378
19.242	31.334
19.266	31.290
19.293	31.245
19.323	31.200
19.356	31.154
19.392	31.108
19.431	31.061
19.473	31.014
19.517	30.967
19.564	30.920
19.614	30.872
19.666	30.824
19.720	30.775
19.776	30.727
19.835	30.678
19.896	30.629
19.958	30.580
20.023	30.530
20.089	30.481
20.158	30.431
20.227	30.382
20.299	30.332
20.371	30.283
20.445	30.233
20.520	30.183
20.597	30.134
20.674	30.084
20.753	30.035
20.832	29.986
20.912	29.936
20.993	29.887
21.075	29.838
21.156	29.790
21.239	29.741
21.322	29.693
21.405	29.645
21.488	29.598
21.571	29.550
21.654	29.504
21.737	29.457
21.820	29.411
21.903	29.365
21.985	29.320
22.066	29.275
22.148	29.230
22.229	29.186
22.309	29.142
22.390	29.099
22.470	29.056
22.549	29.013
22.629	28.970
22.708	28.928
22.788	28.886
22.867	28.844
22.946	28.802
23.025	28.760
23.104	28.718
23.183	28.677
23.262	28.635
23.341	28.594
23.420	28.552
23.500	28.511
23.579	28.469
23.659	28.427
23.739	28.385
23.820	28.343
23.900	28.301
23.981	28.259
24.062	28.216
24.144	28.174
24.226	28.131
24.309	28.087
24.392	28.044
24.476	28.000
24.560	27.955
24.645	27.910
24.731	27.865
24.817	27.820
24.904	27.773
24.991	27.727
25.080	27.679
25.169	27.632
25.259	27.583
25.350	27.534
25.441	27.485
25.534	27.435
25.628	27.384
25.722	27.332
25.818	27.280
25.914	27.227
26.011	27.174
26.108	27.120
26.207	27.066
26.305	27.011
26.405	26.956
26.504	26.901
26.604	26.846
26.704	26.791
26.804	26.735
26.904	26.680
27.005	26.625
27.105	26.569
27.205	26.514
27.305	26.460
27.404	26.405
27.503	26.351
27.602	26.297
27.700	26.244
27.797	26.191
27.894	26.139
27.990	26.088
28.086	26.037
28.180	25.987
28.273	25.938
28.366	25.889
28.457	25.842
28.547	25.795
28.636	25.750
28.723	25.706
28.809	25.662
28.893	25.620
28.976	25.580
29.058	25.540
29.137	25.502
29.215	25.466
29.291	25.431
29.365	25.397
29.437	25.366
29.507	25.335
29.575	25.307
29.640	25.280
29.704	25.256
29.764	25.233
29.823	25.212
29.879	25.193
29.932	25.176
29.983	25.161
30.032	25.149
30.079	25.139
30.125	25.131
30.168	25.125
30.209	25.122
30.249	25.122
30.288	25.124
30.325	25.128
30.360	25.136
30.395	25.146
30.429	25.159
30.461	25.175
30.493	25.193
30.524	25.215
30.555	25.240
30.585	25.268
30.615	25.299
30.644	25.333
30.673	25.370
30.702	25.410
30.730	25.452
30.758	25.497
30.785	25.545
30.811	25.595
30.837	25.648
30.863	25.702
30.888	25.759
30.912	25.818
30.936	25.878
30.959	25.941
30.981	26.005
31.002	26.070
31.023	26.137
31.043	26.206
31.063	26.275
31.081	26.346
31.099	26.418
31.116	26.490
31.132	26.564
31.147	26.638
31.161	26.713
31.174	26.788
31.186	26.863
31.198	26.939
31.208	27.015
31.217	27.091
31.225	27.167
31.233	27.243
31.239	27.319
31.244	27.395
31.248	27.471
31.252	27.546
31.254	27.622
31.256	27.697
31.256	27.773
31.256	27.848
31.256	27.922
31.254	27.997
31.252	28.072
31.249	28.146
31.246	28.220
31.241	28.294
31.237	28.367
31.231	28.441
31.226	28.514
31.219	28.586
31.212	28.659
31.205	28.731
31.197	28.803
31.189	28.874
31.181	28.945
31.172	29.016
31.163	29.087
31.154	29.157
31.144	29.227
31.134	29.296
31.124	29.365
31.114	29.433
31.104	29.501
31.094	29.569
31.083	29.636
31.073	29.702
31.062	29.769
31.052	29.834
31.041	29.900
31.030	29.965
31.018	30.030
31.007	30.094
30.995	30.158
30.983	30.222
30.971	30.286
30.959	30.349
30.946	30.413
30.933	30.476
30.919	30.539
30.905	30.602
30.891	30.664
30.876	30.727
30.861	30.790
30.845	30.852
30.829	30.915
30.812	30.977
30.795	31.040
30.777	31.103
30.758	31.165
30.739	31.228
30.720	31.291
30.699	31.354
30.678	31.418
30.656	31.481
30.634	31.545
30.610	31.609
30.586	31.673
30.562	31.738
30.536	31.802
30.510	31.866
30.484	31.930
30.457	31.994
30.429	32.057
30.401	32.120
30.373	32.183
30.344	32.244
30.315	32.305
30.285	32.365
30.255	32.425
30.225	32.483
30.195	32.540
30.164	32.596
30.134	32.651
30.103	32.704
30.072	32.756
30.042	32.807
30.011	32.856
29.980	32.903
29.950	32.948
29.919	32.991
29.889	33.033
29.859	33.072
29.829	33.109
29.799	33.144
29.770	33.177
29.741	33.208
29.711	33.236
29.682	33.262
29.653	33.287
29.623	33.309
29.592	33.330
29.561	33.350
29.529	33.368
29.495	33.385
29.461	33.401
29.425	33.416
29.387	33.430
29.348	33.444
29.307	33.456
29.263	33.469
29.218	33.481
29.170	33.493
29.120	33.504
29.067	33.516
29.012	33.528
28.954	33.540
28.893	33.552
28.830	33.564
28.765	33.576
28.697	33.588
28.627	33.600
28.555	33.612
28.482	33.624
28.406	33.637
28.328	33.649
28.249	33.660
28.168	33.672
28.085	33.684
28.001	33.696
27.915	33.707
27.829	33.719
27.740	33.730
27.651	33.741
27.560	33.752
27.469	33.763
27.376	33.774
27.283	33.784
27.189	33.794
27.094	33.804
26.999	33.814
26.903	33.823
26.806	33.833
26.709	33.841
26.612	33.850
26.515	33.858
26.417	33.866
26.320	33.874
26.222	33.881
26.125	33.888
26.028	33.895
25.931	33.901
25.834	33.907
25.738	33.912
25.643	33.917
25.548	33.922
25.453	33.926
25.359	33.930
25.266	33.933
25.173	33.936
25.080	33.938
24.988	33.940
24.897	33.942
24.806	33.943
24.715	33.944
24.625	33.945
24.535	33.945
24.446	33.944
24.357	33.943
24.269	33.942
24.181	33.941
24.093	33.939
24.006	33.936
23.919	33.934
23.833	33.931
23.746	33.927
23.661	33.923
23.575	33.919
23.490	33.914
23.405	33.909
23.321	33.904
23.236	33.898
23.152	33.892
23.069	33.886
22.985	33.879
22.902	33.872
22.819	33.864
22.736	33.856
22.654	33.848
22.572	33.839
22.490	33.830
22.408	33.821
22.326	33.811
22.245	33.801
22.163	33.791
22.082	33.780
22.001	33.770
21.921	33.758
21.840	33.747
21.760	33.735
21.680	33.723
21.600	33.711
21.521	33.699
21.443	33.687
21.365	33.675
21.287	33.663
21.210	33.651
21.134	33.639
21.058	33.628
20.983	33.616
20.909	33.605
20.835	33.594
20.763	33.583
20.691	33.572
20.620	33.562
20.550	33.553
20.481	33.544
20.413	33.535
20.346	33.527
20.280	33.519
20.215	33.512
20.152	33.506
20.090	33.500
20.029	33.495
19.969	33.491
19.910	33.487
19.853	33.485
19.798	33.483
19.744	33.482
19.691	33.482
19.640	33.483
19.590	33.485
19.541	33.487
19.494	33.489
19.448	33.491
19.402	33.494
19.358	33.496
19.315	33.498
19.273	33.500
19.232	33.501
19.191	33.501
19.151	33.501
19.112	33.499
19.073	33.496
19.034	33.492
18.996	33.486
18.959	33.479
18.922	33.470
18.884	33.459
18.848	33.445
18.811	33.430
18.775	33.413
18.740	33.394
18.706	33.374
18.673	33.352
18.642	33.328
18.612	33.304
18.585	33.279
18.560	33.252
18.538	33.225
18.518	33.198
18.501	33.170
18.488	33.142
18.478	33.113
18.472	33.085
18.470	33.057
18.472	33.029
18.477	33.002
18.485	32.974
18.495	32.947
18.507	32.921
18.520	32.895
18.534	32.869
18.548	32.844
18.562	32.820
18.575	32.796
18.586	32.773
18.596	32.750
18.604	32.728
18.609	32.707
18.612	32.686
18.613	32.666
18.613	32.645
18.611	32.625
18.609	32.605
18.606	32.584
18.602	32.563
18.598	32.542
18.595	32.519
18.592	32.497
18.589	32.473
18.588	32.450
18.587	32.426
18.588	32.402
18.591	32.378
18.595	32.355
18.602	32.331
18.612	32.309
18.624	32.286
