X	Y
19.005	33.787
19.030	33.762
19.057	33.736
19.086	33.711
19.116	33.686
19.148	33.662
19.182	33.638
19.218	33.614
19.256	33.591
19.296	33.569
19.338	33.547
19.382	33.526
19.428	33.506
19.475	33.486
19.525	33.467
19.577	33.449
19.630	33.432
19.686	33.415
19.744	33.399
19.804	33.385
19.866	33.371
19.930	33.358
19.996	33.346
20.064	33.335
20.134	33.326
20.206	33.317
20.280	33.309
20.356	33.301
20.433	33.295
20.512	33.290
20.593	33.285
20.675	33.281
20.758	33.278
20.843	33.276
20.929	33.274
21.016	33.273
21.104	33.273
21.193	33.273
21.283	33.274
21.375	33.275
21.466	33.277
21.559	33.279
21.652	33.282
21.746	33.286
21.840	33.289
21.935	33.293
22.030	33.298
22.126	33.303
22.222	33.308
22.317	33.313
22.413	33.319
22.509	33.325
22.605	33.331
22.701	33.337
22.796	33.343
22.891	33.350
22.986	33.356
23.080	33.363
23.174	33.369
23.268	33.376
23.360	33.382
23.452	33.389
23.543	33.395
23.634	33.402
23.723	33.408
23.813	33.415
23.901	33.422
23.989	33.428
24.076	33.435
24.162	33.442
24.247	33.450
24.332	33.457
24.417	33.465
24.500	33.473
24.583	33.481
24.665	33.489
24.747	33.498
24.828	33.507
24.908	33.517
24.988	33.527
25.067	33.537
25.145	33.548
25.223	33.559
25.300	33.571
25.376	33.583
25.452	33.596
25.527	33.610
25.601	33.624
25.675	33.638
25.748	33.653
25.820	33.669
25.892	33.686
25.964	33.703
26.034	33.722
26.104	33.740
26.174	33.760
26.242	33.781
26.311	33.802
26.378	33.824
26.445	33.847
26.512	33.870
26.578	33.895
26.643	33.920
26.708	33.945
26.773	33.972
26.837	33.999
26.901	34.027
26.964	34.055
27.027	34.084
27.090	34.114
27.152	34.144
27.214	34.175
27.276	34.207
27.337	34.239
27.398	34.271
27.459	34.304
27.520	34.338
27.581	34.372
27.641	34.406
27.701	34.441
27.761	34.477
27.821	34.513
27.881	34.549
27.940	34.585
28.000	34.622
28.060	34.660
28.119	34.697
28.179	34.736
28.238	34.774
28.297	34.813
28.356	34.852
28.414	34.892
28.472	34.932
28.529	34.973
28.585	35.014
28.640	35.056
28.695	35.098
28.748	35.141
28.800	35.185
28.851	35.229
28.901	35.274
28.948	35.319
28.995	35.366
29.040	35.413
29.082	35.461
29.123	35.510
29.162	35.559
29.199	35.609
29.234	35.661
29.266	35.713
29.296	35.766
29.324	35.820
29.349	35.875
29.371	35.931
29.390	35.988
29.406	36.047
29.420	36.106
29.431	36.166
29.439	36.227
29.445	36.289
29.448	36.351
29.449	36.415
29.447	36.479
29.443	36.544
29.437	36.609
29.429	36.675
29.418	36.742
29.406	36.809
29.391	36.877
29.375	36.945
29.357	37.013
29.337	37.082
29.316	37.151
29.293	37.220
29.268	37.289
29.242	37.358
29.215	37.428
29.186	37.497
29.156	37.567
29.125	37.636
29.093	37.706
29.059	37.775
29.025	37.844
28.990	37.913
28.954	37.981
28.918	38.049
28.880	38.117
28.842	38.185
28.803	38.252
28.764	38.319
28.723	38.385
28.682	38.452
28.640	38.518
28.597	38.583
28.554	38.648
28.509	38.713
28.465	38.778
28.419	38.842
28.372	38.906
28.325	38.970
28.277	39.033
28.229	39.095
28.179	39.158
28.129	39.220
28.078	39.282
28.027	39.343
27.974	39.404
27.921	39.464
27.868	39.525
27.813	39.584
27.758	39.644
27.702	39.703
27.646	39.761
27.589	39.819
27.531	39.877
27.472	39.934
27.413	39.991
27.353	40.048
27.292	40.104
27.231	40.159
27.169	40.215
27.106	40.269
27.043	40.324
26.979	40.377
26.915	40.431
26.850	40.483
26.785	40.536
26.719	40.587
26.652	40.639
26.585	40.689
26.518	40.739
26.451	40.789
26.382	40.838
26.314	40.886
26.245	40.934
26.176	40.981
26.107	41.027
26.037	41.073
25.967	41.118
25.897	41.162
25.827	41.206
25.756	41.249
25.686	41.291
25.615	41.332
25.544	41.373
25.473	41.413
25.402	41.452
25.331	41.491
25.260	41.528
25.188	41.565
25.117	41.601
25.046	41.636
24.975	41.670
24.904	41.704
24.833	41.736
24.763	41.768
24.692	41.799
24.622	41.828
24.552	41.857
24.481	41.885
24.412	41.912
24.342	41.937
24.272	41.962
24.203	41.986
24.133	42.008
24.064	42.030
23.996	42.050
23.927	42.069
23.858	42.086
23.790	42.103
23.722	42.118
23.654	42.132
23.587	42.145
23.520	42.156
23.453	42.166
23.386	42.174
23.319	42.181
23.253	42.187
23.187	42.191
23.121	42.194
23.056	42.195
22.991	42.194
22.926	42.192
22.861	42.189
22.797	42.183
22.733	42.177
22.670	42.168
22.606	42.158
22.544	42.146
22.481	42.133
22.419	42.118
22.358	42.101
22.297	42.082
22.236	42.062
22.177	42.041
22.117	42.018
22.059	41.993
22.001	41.966
21.943	41.938
21.886	41.908
21.831	41.877
21.775	41.844
21.721	41.809
21.667	41.772
21.614	41.735
21.562	41.695
21.511	41.654
21.461	41.611
21.412	41.567
21.364	41.520
21.316	41.473
21.270	41.423
21.225	41.373
21.181	41.320
21.138	41.266
21.095	41.211
21.054	41.154
21.014	41.095
20.974	41.036
20.935	40.975
20.897	40.912
20.859	40.849
20.822	40.784
20.786	40.719
20.750	40.652
20.715	40.585
20.680	40.516
20.645	40.447
20.611	40.377
20.577	40.306
20.544	40.234
20.510	40.161
20.477	40.088
20.444	40.015
20.410	39.941
20.377	39.866
20.344	39.791
20.311	39.716
20.277	39.641
20.244	39.565
20.210	39.489
20.176	39.412
20.142	39.336
20.107	39.260
20.072	39.183
20.036	39.107
20.000	39.031
19.963	38.955
19.926	38.879
19.889	38.803
19.851	38.727
19.814	38.652
19.775	38.577
19.737	38.502
19.699	38.427
19.661	38.353
19.623	38.278
19.585	38.204
19.547	38.131
19.510	38.057
19.473	37.984
19.436	37.911
19.400	37.839
19.364	37.767
19.329	37.695
19.294	37.624
19.260	37.553
19.227	37.483
19.195	37.413
19.164	37.343
19.134	37.274
19.104	37.205
19.076	37.137
19.049	37.070
19.023	37.003
18.999	36.936
18.975	36.870
18.953	36.804
18.933	36.739
18.914	36.675
18.897	36.611
18.881	36.548
18.867	36.486
18.854	36.424
18.843	36.363
18.832	36.302
18.823	36.243
18.815	36.183
18.807	36.125
18.800	36.067
18.794	36.011
18.789	35.954
18.784	35.899
18.779	35.845
18.775	35.791
18.771	35.738
18.767	35.686
18.763	35.635
18.758	35.585
18.754	35.535
18.749	35.487
18.743	35.439
18.737	35.392
18.731	35.347
18.723	35.302
18.715	35.258
18.707	35.215
18.697	35.173
18.688	35.132
18.678	35.092
18.668	35.052
18.658	35.013
18.649	34.975
18.640	34.937
18.631	34.899
18.623	34.862
18.616	34.826
18.610	34.790
18.605	34.754
18.601	34.718
18.599	34.683
18.598	34.648
18.599	34.613
18.602	34.578
18.606	34.544
18.611	34.510
18.617	34.477
18.625	34.445
18.633	34.413
18.642	34.383
18.652	34.354
18.663	34.327
18.673	34.301
18.684	34.276
18.696	34.254
18.707	34.233
18.718	34.214
18.729	34.197
18.741	34.180
18.752	34.164
18.763	34.149
18.775	34.133
18.786	34.116
18.798	34.099
18.810	34.080
18.822	34.060
18.834	34.039
18.847	34.016
18.860	33.993
18.874	33.969
18.889	33.944
18.905	33.918
18.923	33.892
18.941	33.866
18.961	33.840
18.982	33.814
19.005	33.787
