X	Y
23.977	10.045
23.996	10.011
24.017	9.977
24.041	9.944
24.068	9.911
24.098	9.878
24.131	9.846
24.167	9.815
24.205	9.784
24.245	9.753
24.289	9.722
24.334	9.692
24.382	9.662
24.432	9.632
24.485	9.602
24.539	9.572
24.596	9.543
24.654	9.513
24.715	9.484
24.777	9.454
24.841	9.425
24.907	9.395
24.974	9.366
25.043	9.336
25.114	9.306
25.186	9.276
25.259	9.246
25.334	9.215
25.410	9.184
25.487	9.153
25.565	9.122
25.644	9.090
25.724	9.058
25.805	9.025
25.887	8.991
25.970	8.958
26.053	8.923
26.137	8.889
26.221	8.853
26.306	8.817
26.392	8.781
26.478	8.744
26.565	8.707
26.652	8.669
26.739	8.631
26.827	8.593
26.916	8.554
27.005	8.515
27.094	8.476
27.183	8.436
27.273	8.396
27.363	8.356
27.453	8.316
27.544	8.275
27.634	8.235
27.725	8.194
27.816	8.153
27.907	8.111
27.998	8.070
28.089	8.029
28.181	7.987
28.272	7.946
28.363	7.904
28.454	7.863
28.545	7.821
28.636	7.779
28.727	7.738
28.817	7.697
28.907	7.655
28.998	7.614
29.087	7.573
29.177	7.532
29.266	7.492
29.355	7.451
29.444	7.411
29.532	7.371
29.620	7.331
29.707	7.292
29.794	7.253
29.881	7.214
29.966	7.175
30.052	7.137
30.137	7.099
30.221	7.062
30.304	7.025
30.387	6.988
30.469	6.952
30.551	6.917
30.631	6.882
30.711	6.847
30.791	6.813
30.869	6.779
30.947	6.746
31.024	6.713
31.101	6.681
31.177	6.648
31.252	6.617
31.327	6.585
31.401	6.554
31.474	6.523
31.547	6.492
31.620	6.461
31.692	6.431
31.763	6.400
31.834	6.370
31.905	6.340
31.975	6.310
32.044	6.280
32.113	6.250
32.182	6.220
32.250	6.190
32.318	6.160
32.385	6.130
32.453	6.100
32.519	6.069
32.586	6.039
32.652	6.008
32.718	5.977
32.784	5.946
32.849	5.915
32.914	5.883
32.979	5.851
33.044	5.819
33.108	5.787
33.173	5.754
33.237	5.720
33.301	5.687
33.365	5.652
33.428	5.618
33.492	5.583
33.556	5.547
33.619	5.511
33.683	5.474
33.746	5.437
33.809	5.400
33.872	5.362
33.935	5.324
33.998	5.286
34.061	5.247
34.123	5.209
34.186	5.169
34.248	5.130
34.310	5.091
34.372	5.051
34.434	5.011
34.496	4.972
34.557	4.932
34.619	4.892
34.680	4.852
34.741	4.812
34.802	4.773
34.863	4.733
34.924	4.693
34.984	4.654
35.044	4.615
35.104	4.576
35.164	4.537
35.224	4.498
35.283	4.460
35.342	4.422
35.401	4.385
35.460	4.347
35.518	4.311
35.577	4.274
35.635	4.238
35.693	4.203
35.750	4.168
35.808	4.133
35.865	4.100
35.922	4.066
35.978	4.034
36.035	4.002
36.091	3.970
36.147	3.939
36.203	3.909
36.259	3.879
36.314	3.850
36.370	3.821
36.425	3.793
36.481	3.766
36.536	3.739
36.592	3.713
36.647	3.687
36.703	3.662
36.758	3.638
36.813	3.614
36.869	3.591
36.925	3.568
36.980	3.546
37.036	3.525
37.092	3.504
37.149	3.484
37.205	3.464
37.261	3.445
37.318	3.426
37.375	3.408
37.433	3.391
37.490	3.374
37.548	3.358
37.606	3.343
37.665	3.328
37.723	3.314
37.783	3.300
37.842	3.287
37.902	3.275
37.962	3.263
38.021	3.252
38.081	3.243
38.141	3.234
38.201	3.226
38.261	3.219
38.320	3.213
38.379	3.208
38.438	3.205
38.496	3.203
38.554	3.202
38.611	3.202
38.668	3.204
38.724	3.207
38.780	3.211
38.834	3.218
38.888	3.225
38.941	3.235
38.993	3.246
39.043	3.259
39.093	3.273
39.141	3.290
39.189	3.308
39.235	3.328
39.279	3.351
39.323	3.375
39.364	3.402
39.405	3.430
39.443	3.461
39.481	3.493
39.517	3.528
39.551	3.564
39.584	3.602
39.615	3.642
39.646	3.683
39.674	3.726
39.702	3.771
39.728	3.817
39.753	3.864
39.776	3.913
39.798	3.963
39.819	4.014
39.838	4.067
39.856	4.120
39.873	4.175
39.889	4.230
39.904	4.287
39.917	4.344
39.929	4.402
39.940	4.461
39.949	4.520
39.958	4.580
39.965	4.641
39.971	4.702
39.977	4.763
39.981	4.825
39.984	4.888
39.985	4.950
39.986	5.013
39.986	5.076
39.985	5.139
39.984	5.203
39.981	5.267
39.977	5.331
39.973	5.395
39.968	5.459
39.962	5.524
39.956	5.588
39.949	5.653
39.942	5.718
39.933	5.782
39.925	5.847
39.916	5.912
39.906	5.977
39.896	6.042
39.886	6.107
39.876	6.172
39.865	6.237
39.854	6.301
39.842	6.366
39.831	6.431
39.819	6.495
39.808	6.559
39.796	6.623
39.784	6.687
39.773	6.751
39.761	6.814
39.749	6.877
39.738	6.940
39.727	7.003
39.716	7.065
39.705	7.127
39.694	7.189
39.684	7.250
39.673	7.311
39.662	7.372
39.652	7.432
39.641	7.492
39.630	7.552
39.619	7.611
39.608	7.670
39.597	7.729
39.586	7.788
39.574	7.846
39.562	7.903
39.549	7.961
39.536	8.018
39.523	8.074
39.509	8.131
39.495	8.187
39.480	8.242
39.464	8.297
39.448	8.352
39.431	8.407
39.414	8.461
39.395	8.515
39.376	8.568
39.356	8.621
39.336	8.674
39.314	8.726
39.291	8.778
39.268	8.829
39.243	8.880
39.217	8.931
39.191	8.981
39.163	9.031
39.135	9.080
39.106	9.130
39.076	9.178
39.045	9.226
39.014	9.274
38.981	9.322
38.948	9.369
38.915	9.415
38.880	9.462
38.845	9.507
38.810	9.553
38.774	9.598
38.737	9.642
38.700	9.687
38.662	9.730
38.624	9.774
38.586	9.817
38.547	9.859
38.508	9.901
38.468	9.943
38.429	9.984
38.389	10.025
38.348	10.065
38.308	10.105
38.267	10.144
38.227	10.183
38.186	10.222
38.145	10.260
38.104	10.298
38.063	10.335
38.022	10.372
37.980	10.409
37.939	10.445
37.897	10.481
37.855	10.517
37.814	10.552
37.772	10.586
37.729	10.621
37.687	10.655
37.645	10.689
37.602	10.723
37.559	10.756
37.516	10.789
37.473	10.822
37.429	10.855
37.386	10.887
37.342	10.919
37.298	10.951
37.254	10.983
37.209	11.014
37.165	11.046
37.120	11.077
37.074	11.108
37.029	11.139
36.983	11.170
36.938	11.201
36.891	11.231
36.845	11.262
36.798	11.292
36.751	11.322
36.704	11.352
36.656	11.382
36.608	11.411
36.560	11.440
36.511	11.468
36.462	11.496
36.413	11.524
36.363	11.551
36.313	11.577
36.262	11.603
36.211	11.628
36.160	11.652
36.108	11.676
36.055	11.699
36.003	11.721
35.949	11.743
35.895	11.763
35.841	11.783
35.786	11.801
35.731	11.819
35.675	11.835
35.619	11.851
35.562	11.865
35.505	11.879
35.446	11.891
35.388	11.901
35.329	11.911
35.269	11.919
35.208	11.926
35.147	11.932
35.086	11.937
35.024	11.941
34.961	11.943
34.898	11.945
34.835	11.946
34.771	11.946
34.707	11.945
34.642	11.944
34.577	11.942
34.512	11.939
34.446	11.936
34.380	11.932
34.314	11.928
34.248	11.923
34.181	11.918
34.114	11.913
34.047	11.908
33.980	11.902
33.913	11.897
33.845	11.891
33.778	11.885
33.710	11.880
33.643	11.874
33.575	11.869
33.507	11.864
33.440	11.859
33.372	11.855
33.305	11.851
33.237	11.848
33.170	11.845
33.103	11.843
33.036	11.841
32.969	11.840
32.903	11.840
32.836	11.840
32.770	11.842
32.704	11.843
32.638	11.846
32.572	11.849
32.507	11.853
32.441	11.857
32.376	11.862
32.311	11.867
32.246	11.873
32.181	11.880
32.116	11.887
32.051	11.894
31.987	11.902
31.922	11.911
31.858	11.920
31.794	11.930
31.729	11.939
31.665	11.950
31.601	11.961
31.537	11.972
31.474	11.983
31.410	11.995
31.346	12.007
31.283	12.020
31.219	12.033
31.155	12.046
31.092	12.059
31.029	12.073
30.965	12.087
30.902	12.101
30.838	12.116
30.775	12.130
30.712	12.145
30.649	12.160
30.585	12.176
30.522	12.191
30.459	12.206
30.396	12.222
30.333	12.238
30.271	12.253
30.208	12.269
30.146	12.285
30.084	12.300
30.022	12.316
29.960	12.331
29.899	12.347
29.838	12.362
29.777	12.377
29.717	12.392
29.657	12.407
29.597	12.421
29.538	12.435
29.479	12.449
29.421	12.463
29.363	12.477
29.305	12.490
29.248	12.502
29.192	12.515
29.136	12.527
29.080	12.538
29.026	12.549
28.971	12.560
28.918	12.570
28.865	12.579
28.813	12.588
28.761	12.596
28.710	12.604
28.660	12.612
28.610	12.618
28.561	12.624
28.512	12.630
28.463	12.635
28.415	12.640
28.367	12.644
28.319	12.648
28.272	12.651
28.224	12.654
28.176	12.657
28.129	12.659
28.081	12.661
28.033	12.662
27.985	12.663
27.937	12.664
27.888	12.665
27.839	12.665
27.789	12.665
27.739	12.664
27.689	12.664
27.638	12.663
27.586	12.662
27.533	12.661
27.480	12.659
27.425	12.658
27.370	12.656
27.315	12.654
27.258	12.652
27.201	12.649
27.143	12.647
27.085	12.644
27.027	12.641
26.968	12.637
26.908	12.634
26.849	12.630
26.789	12.626
26.729	12.622
26.668	12.617
26.608	12.612
26.548	12.607
26.488	12.601
26.428	12.595
26.368	12.589
26.308	12.582
26.249	12.575
26.190	12.568
26.131	12.560
26.073	12.552
26.016	12.543
25.959	12.534
25.902	12.525
25.846	12.515
25.792	12.505
25.737	12.494
25.684	12.483
25.632	12.471
25.580	12.459
25.530	12.446
25.480	12.433
25.431	12.420
25.383	12.406
25.336	12.392
25.290	12.378
25.244	12.363
25.200	12.349
25.156	12.334
25.113	12.318
25.070	12.303
25.028	12.287
24.987	12.271
24.947	12.256
24.907	12.240
24.868	12.224
24.830	12.208
24.792	12.192
24.755	12.176
24.718	12.160
24.682	12.144
24.646	12.128
24.611	12.113
24.577	12.097
24.543	12.082
24.509	12.066
24.476	12.051
24.444	12.035
24.413	12.019
24.382	12.003
24.353	11.986
24.324	11.968
24.296	11.950
24.269	11.932
24.244	11.912
24.219	11.892
24.195	11.870
24.173	11.848
24.152	11.824
24.132	11.799
24.114	11.773
24.097	11.746
24.081	11.717
24.067	11.687
24.054	11.656
24.042	11.624
24.032	11.591
24.022	11.558
24.014	11.524
24.006	11.490
24.000	11.455
23.994	11.421
23.990	11.386
23.986	11.352
23.983	11.318
23.981	11.284
23.979	11.250
23.978	11.218
23.977	11.186
23.977	11.155
23.978	11.125
23.979	11.095
23.980	11.066
23.981	11.038
23.982	11.009
23.983	10.982
23.984	10.954
23.985	10.926
23.986	10.898
23.986	10.870
23.985	10.841
23.984	10.812
23.983	10.783
23.980	10.752
23.977	10.721
23.972	10.689
23.967	10.656
23.962	10.622
23.956	10.588
23.950	10.553
23.944	10.518
23.939	10.482
23.934	10.445
23.929	10.409
23.926	10.372
23.924	10.335
23.924	10.298
23.925	10.262
23.928	10.225
23.933	10.188
23.940	10.152
23.950	10.116
23.962	10.080
23.977	10.045
