X	Y
24.295	11.000
24.324	10.978
24.357	10.958
24.394	10.941
24.436	10.926
24.481	10.913
24.531	10.902
24.584	10.893
24.641	10.887
24.701	10.882
24.764	10.879
24.831	10.878
24.900	10.878
24.973	10.880
25.047	10.883
25.125	10.888
25.204	10.894
25.286	10.901
25.370	10.909
25.455	10.918
25.543	10.929
25.631	10.940
25.721	10.952
25.813	10.964
25.905	10.977
25.998	10.991
26.092	11.005
26.186	11.020
26.281	11.034
26.376	11.049
26.472	11.064
26.567	11.079
26.662	11.094
26.756	11.109
26.850	11.123
26.943	11.138
27.036	11.151
27.127	11.165
27.217	11.177
27.306	11.189
27.393	11.201
27.480	11.211
27.565	11.221
27.648	11.231
27.731	11.240
27.813	11.249
27.893	11.257
27.973	11.264
28.052	11.271
28.130	11.278
28.208	11.285
28.284	11.291
28.361	11.297
28.436	11.303
28.511	11.309
28.586	11.314
28.660	11.319
28.734	11.325
28.808	11.330
28.882	11.335
28.956	11.341
29.029	11.346
29.103	11.352
29.177	11.358
29.250	11.364
29.325	11.370
29.399	11.376
29.474	11.383
29.549	11.390
29.624	11.397
29.700	11.405
29.777	11.413
29.855	11.422
29.933	11.431
30.012	11.441
30.091	11.452
30.172	11.463
30.254	11.474
30.336	11.487
30.420	11.500
30.505	11.514
30.590	11.528
30.676	11.543
30.764	11.559
30.851	11.575
30.940	11.591
31.029	11.608
31.119	11.626
31.209	11.644
31.299	11.662
31.390	11.681
31.482	11.700
31.573	11.719
31.665	11.739
31.756	11.759
31.848	11.779
31.940	11.800
32.032	11.820
32.124	11.841
32.215	11.862
32.307	11.883
32.398	11.903
32.488	11.924
32.579	11.945
32.669	11.966
32.758	11.987
32.847	12.008
32.935	12.029
33.022	12.049
33.109	12.070
33.195	12.090
33.280	12.110
33.364	12.130
33.447	12.149
33.529	12.168
33.610	12.187
33.690	12.205
33.768	12.223
33.846	12.241
33.922	12.258
33.996	12.275
34.069	12.291
34.141	12.306
34.211	12.321
34.280	12.336
34.347	12.350
34.413	12.364
34.477	12.378
34.541	12.391
34.603	12.405
34.664	12.418
34.724	12.431
34.782	12.445
34.840	12.458
34.897	12.472
34.952	12.485
35.007	12.499
35.061	12.514
35.115	12.529
35.167	12.544
35.219	12.560
35.270	12.577
35.320	12.594
35.370	12.612
35.420	12.630
35.469	12.650
35.517	12.670
35.565	12.692
35.613	12.714
35.660	12.737
35.708	12.762
35.755	12.788
35.802	12.815
35.848	12.843
35.894	12.873
35.939	12.904
35.984	12.936
36.027	12.969
36.070	13.003
36.112	13.038
36.152	13.074
36.191	13.112
36.228	13.150
36.264	13.190
36.298	13.231
36.330	13.272
36.360	13.315
36.388	13.358
36.414	13.403
36.437	13.448
36.458	13.495
36.476	13.542
36.492	13.591
36.504	13.640
36.514	13.690
36.520	13.741
36.524	13.792
36.523	13.845
36.520	13.898
36.514	13.952
36.505	14.007
36.493	14.062
36.478	14.118
36.461	14.174
36.441	14.231
36.420	14.289
36.396	14.346
36.370	14.404
36.342	14.463
36.312	14.521
36.281	14.580
36.249	14.639
36.215	14.698
36.179	14.757
36.143	14.817
36.106	14.876
36.068	14.935
36.029	14.994
35.989	15.053
35.950	15.112
35.909	15.170
35.869	15.228
35.829	15.286
35.788	15.343
35.748	15.400
35.708	15.457
35.669	15.513
35.630	15.568
35.592	15.623
35.554	15.677
35.517	15.730
35.481	15.783
35.445	15.835
35.410	15.887
35.376	15.937
35.341	15.987
35.307	16.037
35.273	16.085
35.240	16.133
35.206	16.180
35.173	16.226
35.139	16.272
35.106	16.316
35.072	16.360
35.039	16.403
35.005	16.446
34.970	16.487
34.936	16.528
34.901	16.567
34.865	16.606
34.829	16.644
34.793	16.681
34.755	16.717
34.717	16.753
34.679	16.787
34.639	16.820
34.599	16.853
34.557	16.884
34.515	16.915
34.472	16.944
34.428	16.973
34.384	17.001
34.338	17.028
34.292	17.055
34.246	17.081
34.199	17.106
34.151	17.130
34.103	17.154
34.054	17.177
34.005	17.199
33.956	17.221
33.906	17.242
33.856	17.263
33.806	17.284
33.755	17.304
33.704	17.323
33.654	17.343
33.603	17.362
33.552	17.380
33.501	17.398
33.450	17.417
33.399	17.434
33.348	17.452
33.297	17.470
33.247	17.487
33.197	17.504
33.146	17.521
33.096	17.538
33.045	17.555
32.995	17.572
32.944	17.588
32.894	17.605
32.843	17.621
32.792	17.638
32.740	17.654
32.688	17.670
32.636	17.686
32.584	17.702
32.531	17.718
32.477	17.734
32.423	17.750
32.368	17.766
32.313	17.782
32.257	17.798
32.201	17.813
32.144	17.829
32.085	17.845
32.027	17.861
31.967	17.876
31.906	17.892
31.845	17.908
31.782	17.924
31.719	17.940
31.655	17.956
31.590	17.972
31.524	17.988
31.458	18.003
31.392	18.019
31.325	18.035
31.258	18.051
31.191	18.066
31.123	18.082
31.056	18.097
30.989	18.113
30.923	18.128
30.856	18.143
30.790	18.158
30.725	18.173
30.660	18.187
30.596	18.202
30.533	18.216
30.470	18.230
30.409	18.244
30.348	18.257
30.289	18.271
30.231	18.284
30.175	18.297
30.120	18.309
30.067	18.321
30.015	18.333
29.965	18.345
29.917	18.356
29.870	18.367
29.826	18.378
29.784	18.388
29.743	18.398
29.703	18.408
29.665	18.417
29.627	18.426
29.591	18.434
29.555	18.442
29.520	18.450
29.485	18.457
29.450	18.464
29.415	18.470
29.380	18.476
29.344	18.481
29.308	18.486
29.270	18.490
29.232	18.494
29.193	18.498
29.152	18.500
29.110	18.503
29.067	18.504
29.022	18.506
28.976	18.506
28.928	18.506
28.880	18.505
28.831	18.504
28.780	18.502
28.729	18.499
28.677	18.495
28.625	18.491
28.572	18.485
28.518	18.479
28.465	18.472
28.410	18.464
28.356	18.455
28.301	18.446
28.247	18.435
28.192	18.423
28.138	18.410
28.083	18.396
28.029	18.381
27.976	18.365
27.923	18.348
27.870	18.329
27.818	18.309
27.767	18.288
27.716	18.266
27.666	18.243
27.616	18.219
27.567	18.193
27.518	18.166
27.470	18.139
27.422	18.110
27.375	18.080
27.328	18.049
27.281	18.017
27.235	17.984
27.188	17.950
27.142	17.915
27.096	17.879
27.050	17.842
27.004	17.805
26.958	17.766
26.913	17.726
26.867	17.686
26.821	17.645
26.775	17.603
26.729	17.560
26.682	17.516
26.636	17.472
26.589	17.427
26.542	17.381
26.494	17.335
26.446	17.287
26.398	17.239
26.350	17.191
26.301	17.142
26.252	17.092
26.202	17.041
26.153	16.990
26.103	16.938
26.054	16.885
26.004	16.832
25.955	16.778
25.905	16.723
25.856	16.668
25.807	16.612
25.758	16.556
25.709	16.498
25.661	16.440
25.613	16.382
25.566	16.323
25.519	16.263
25.472	16.202
25.427	16.141
25.381	16.079
25.337	16.017
25.293	15.954
25.250	15.890
25.208	15.826
25.167	15.761
25.126	15.695
25.087	15.629
25.048	15.562
25.011	15.494
24.975	15.426
24.940	15.357
24.906	15.287
24.873	15.217
24.842	15.147
24.812	15.075
24.783	15.003
24.756	14.931
24.730	14.858
24.705	14.785
24.681	14.712
24.659	14.639
24.637	14.566
24.617	14.493
24.597	14.421
24.578	14.350
24.560	14.279
24.543	14.209
24.526	14.140
24.510	14.072
24.494	14.005
24.479	13.939
24.465	13.875
24.451	13.813
24.437	13.752
24.423	13.693
24.410	13.636
24.396	13.582
24.383	13.529
24.370	13.479
24.357	13.431
24.343	13.386
24.330	13.344
24.316	13.305
24.302	13.268
24.288	13.235
24.273	13.205
24.258	13.179
24.243	13.155
24.227	13.134
24.212	13.114
24.197	13.096
24.182	13.078
24.168	13.061
24.155	13.043
24.143	13.025
24.132	13.005
24.123	12.983
24.115	12.959
24.109	12.932
24.104	12.902
24.102	12.869
24.100	12.834
24.101	12.796
24.102	12.757
24.105	12.716
24.109	12.674
24.113	12.630
24.119	12.586
24.125	12.540
24.132	12.495
24.140	12.449
24.148	12.403
24.156	12.357
24.165	12.312
24.173	12.267
24.182	12.224
24.191	12.181
24.199	12.140
24.207	12.101
24.215	12.064
24.222	12.028
24.229	11.994
24.235	11.960
24.240	11.928
24.245	11.897
24.249	11.866
24.253	11.836
24.256	11.806
24.257	11.776
24.258	11.745
24.259	11.715
24.258	11.684
24.256	11.652
24.253	11.619
24.249	11.585
24.244	11.550
24.239	11.514
24.233	11.477
24.226	11.439
24.221	11.401
24.215	11.363
24.211	11.325
24.208	11.288
24.207	11.251
24.207	11.214
24.210	11.179
24.216	11.145
24.225	11.112
24.236	11.081
24.252	11.052
24.272	11.025
24.295	11.000
