X	Y
41.531	23.842
41.589	23.737
41.656	23.631
41.731	23.525
41.814	23.418
41.904	23.310
42.001	23.201
42.105	23.092
42.216	22.982
42.333	22.871
42.455	22.760
42.583	22.648
42.716	22.535
42.854	22.422
42.997	22.308
43.144	22.194
43.294	22.079
43.449	21.963
43.606	21.847
43.767	21.731
43.930	21.614
44.095	21.496
44.262	21.378
44.431	21.259
44.601	21.140
44.772	21.021
44.944	20.901
45.117	20.781
45.290	20.661
45.463	20.540
45.637	20.418
45.812	20.297
45.987	20.175
46.164	20.053
46.340	19.930
46.518	19.808
46.696	19.685
46.875	19.562
47.055	19.439
47.236	19.315
47.418	19.192
47.600	19.068
47.784	18.944
47.968	18.821
48.154	18.697
48.340	18.573
48.528	18.449
48.717	18.325
48.906	18.201
49.097	18.078
49.289	17.954
49.482	17.830
49.677	17.707
49.873	17.583
50.070	17.460
50.268	17.337
50.467	17.214
50.668	17.091
50.871	16.969
51.075	16.847
51.280	16.725
51.486	16.603
51.694	16.482
51.903	16.362
52.113	16.242
52.324	16.123
52.537	16.004
52.750	15.887
52.964	15.770
53.180	15.654
53.396	15.540
53.612	15.427
53.830	15.314
54.048	15.204
54.267	15.094
54.486	14.986
54.706	14.880
54.926	14.775
55.146	14.672
55.367	14.571
55.588	14.472
55.810	14.374
56.031	14.279
56.253	14.185
56.475	14.094
56.696	14.005
56.918	13.919
57.139	13.835
57.360	13.753
57.581	13.674
57.802	13.598
58.022	13.524
58.242	13.453
58.462	13.385
58.681	13.320
58.899	13.258
59.117	13.199
59.334	13.143
59.550	13.089
59.766	13.039
59.981	12.992
60.195	12.947
60.408	12.905
60.620	12.866
60.832	12.830
61.042	12.796
61.252	12.765
61.460	12.737
61.668	12.711
61.874	12.687
62.079	12.667
62.283	12.648
62.486	12.633
62.688	12.619
62.888	12.608
63.087	12.600
63.285	12.593
63.481	12.589
63.676	12.588
63.870	12.588
64.062	12.591
64.252	12.596
64.441	12.603
64.629	12.612
64.814	12.623
64.998	12.636
65.181	12.651
65.361	12.669
65.538	12.688
65.714	12.710
65.887	12.734
66.056	12.760
66.223	12.789
66.386	12.820
66.546	12.853
66.702	12.889
66.855	12.928
67.003	12.969
67.146	13.013
67.285	13.059
67.420	13.108
67.549	13.161
67.673	13.215
67.792	13.273
67.904	13.334
68.012	13.398
68.113	13.465
68.207	13.535
68.296	13.608
68.378	13.684
68.454	13.764
68.524	13.846
68.588	13.933
68.647	14.022
68.700	14.115
68.748	14.212
68.791	14.312
68.829	14.416
68.862	14.524
68.890	14.635
68.914	14.750
68.934	14.869
68.950	14.992
68.961	15.119
68.969	15.250
68.973	15.384
68.973	15.523
68.970	15.665
68.963	15.810
68.952	15.959
68.939	16.111
68.921	16.266
68.901	16.424
68.877	16.584
68.850	16.747
68.820	16.913
68.787	17.081
68.751	17.250
68.712	17.422
68.670	17.596
68.625	17.771
68.578	17.948
68.527	18.126
68.474	18.306
68.419	18.487
68.361	18.668
68.301	18.851
68.238	19.034
68.173	19.217
68.106	19.401
68.036	19.585
67.965	19.770
67.891	19.954
67.816	20.139
67.738	20.323
67.659	20.507
67.578	20.691
67.496	20.875
67.412	21.058
67.326	21.241
67.239	21.422
67.150	21.603
67.061	21.784
66.970	21.963
66.878	22.141
66.785	22.318
66.690	22.494
66.595	22.668
66.499	22.841
66.403	23.013
66.306	23.183
66.208	23.351
66.109	23.517
66.010	23.681
65.911	23.844
65.811	24.004
65.711	24.162
65.611	24.318
65.511	24.471
65.410	24.622
65.310	24.771
65.209	24.917
65.108	25.061
65.006	25.203
64.904	25.342
64.801	25.478
64.698	25.613
64.594	25.745
64.489	25.874
64.383	26.001
64.277	26.126
64.170	26.248
64.062	26.368
63.952	26.486
63.842	26.601
63.731	26.714
63.618	26.824
63.504	26.932
63.389	27.037
63.273	27.141
63.155	27.241
63.035	27.339
62.914	27.435
62.792	27.529
62.667	27.620
62.542	27.708
62.414	27.794
62.285	27.878
62.153	27.960
62.020	28.039
61.886	28.115
61.749	28.190
61.610	28.261
61.469	28.331
61.327	28.398
61.182	28.463
61.035	28.525
60.886	28.585
60.735	28.643
60.582	28.699
60.426	28.752
60.268	28.803
60.108	28.851
59.945	28.897
59.780	28.941
59.613	28.983
59.443	29.022
59.270	29.059
59.095	29.094
58.918	29.126
58.739	29.157
58.557	29.186
58.373	29.212
58.187	29.237
57.998	29.260
57.808	29.281
57.615	29.301
57.420	29.319
57.224	29.335
57.025	29.349
56.824	29.363
56.621	29.374
56.417	29.384
56.210	29.393
56.002	29.401
55.792	29.407
55.580	29.413
55.367	29.417
55.151	29.420
54.934	29.422
54.716	29.423
54.496	29.423
54.274	29.422
54.051	29.421
53.826	29.418
53.600	29.415
53.373	29.412
53.144	29.408
52.915	29.403
52.685	29.398
52.455	29.392
52.224	29.386
51.993	29.380
51.762	29.373
51.532	29.366
51.303	29.358
51.074	29.351
50.846	29.343
50.619	29.335
50.393	29.327
50.169	29.320
49.947	29.312
49.727	29.304
49.509	29.296
49.294	29.289
49.081	29.281
48.871	29.274
48.664	29.267
48.460	29.261
48.259	29.255
48.063	29.249
47.870	29.243
47.681	29.239
47.496	29.234
47.315	29.231
47.140	29.228
46.969	29.225
46.803	29.223
46.642	29.222
46.486	29.221
46.334	29.219
46.187	29.217
46.045	29.215
45.907	29.211
45.773	29.205
45.643	29.198
45.517	29.189
45.395	29.178
45.276	29.164
45.161	29.147
45.050	29.127
44.942	29.103
44.837	29.076
44.735	29.045
44.636	29.009
44.541	28.968
44.447	28.922
44.356	28.873
44.267	28.819
44.179	28.763
44.092	28.705
44.005	28.645
43.918	28.585
43.831	28.524
43.742	28.465
43.651	28.407
43.559	28.351
43.463	28.298
43.365	28.248
43.263	28.203
43.157	28.164
43.046	28.129
42.931	28.101
42.812	28.078
42.690	28.059
42.567	28.043
42.443	28.029
42.320	28.015
42.198	28.002
42.078	27.987
41.963	27.969
41.852	27.949
41.746	27.923
41.648	27.892
41.557	27.855
41.475	27.809
41.403	27.755
41.342	27.691
41.292	27.617
41.254	27.532
41.226	27.439
41.207	27.338
41.196	27.231
41.192	27.118
41.195	27.002
41.202	26.882
41.215	26.761
41.230	26.639
41.248	26.518
41.267	26.399
41.287	26.282
41.305	26.170
41.323	26.063
41.338	25.962
41.349	25.869
41.358	25.782
41.363	25.701
41.366	25.624
41.366	25.552
41.365	25.481
41.362	25.413
41.357	25.345
41.352	25.277
41.346	25.207
41.340	25.135
41.333	25.060
41.327	24.981
41.323	24.899
41.320	24.814
41.320	24.726
41.323	24.635
41.329	24.542
41.340	24.447
41.356	24.350
41.377	24.251
41.405	24.151
41.439	24.049
41.481	23.946
41.531	23.842
