X	Y
13.525	18.074
13.542	18.028
13.564	17.980
13.588	17.930
13.616	17.878
13.646	17.824
13.680	17.767
13.717	17.709
13.756	17.649
13.798	17.587
13.842	17.524
13.889	17.458
13.939	17.391
13.990	17.323
14.044	17.253
14.100	17.182
14.158	17.110
14.218	17.036
14.280	16.961
14.343	16.885
14.408	16.808
14.475	16.730
14.543	16.650
14.612	16.571
14.683	16.490
14.754	16.408
14.827	16.326
14.901	16.244
14.976	16.160
15.051	16.077
15.128	15.993
15.205	15.908
15.283	15.823
15.361	15.738
15.441	15.652
15.521	15.566
15.602	15.479
15.683	15.393
15.765	15.306
15.848	15.218
15.931	15.131
16.015	15.044
16.100	14.956
16.185	14.869
16.270	14.781
16.356	14.693
16.442	14.605
16.529	14.518
16.616	14.430
16.704	14.342
16.791	14.255
16.879	14.167
16.968	14.080
17.056	13.993
17.145	13.907
17.234	13.820
17.324	13.734
17.413	13.648
17.503	13.563
17.592	13.478
17.682	13.393
17.772	13.309
17.862	13.225
17.952	13.142
18.041	13.059
18.131	12.977
18.221	12.895
18.310	12.814
18.400	12.734
18.489	12.654
18.579	12.575
18.668	12.497
18.757	12.419
18.846	12.342
18.935	12.266
19.024	12.190
19.112	12.116
19.201	12.042
19.289	11.969
19.377	11.896
19.465	11.825
19.553	11.754
19.640	11.684
19.728	11.616
19.815	11.548
19.902	11.481
19.988	11.415
20.075	11.350
20.161	11.285
20.247	11.222
20.333	11.160
20.418	11.099
20.503	11.039
20.588	10.980
20.672	10.922
20.756	10.866
20.840	10.810
20.924	10.756
21.007	10.702
21.090	10.650
21.173	10.599
21.255	10.550
21.337	10.501
21.418	10.454
21.499	10.408
21.579	10.364
21.659	10.321
21.739	10.279
21.818	10.239
21.896	10.200
21.974	10.162
22.051	10.126
22.127	10.092
22.203	10.059
22.278	10.028
22.352	9.999
22.426	9.971
22.498	9.945
22.570	9.920
22.641	9.897
22.711	9.876
22.780	9.857
22.849	9.840
22.916	9.824
22.982	9.811
23.048	9.799
23.112	9.790
23.175	9.782
23.237	9.776
23.298	9.772
23.358	9.771
23.417	9.772
23.475	9.775
23.531	9.780
23.586	9.787
23.640	9.797
23.693	9.809
23.744	9.824
23.795	9.841
23.843	9.861
23.891	9.883
23.937	9.908
23.982	9.935
24.026	9.966
24.068	9.999
24.109	10.035
24.148	10.073
24.186	10.114
24.223	10.157
24.259	10.203
24.293	10.251
24.326	10.301
24.358	10.354
24.389	10.409
24.419	10.466
24.448	10.525
24.475	10.586
24.502	10.649
24.528	10.713
24.552	10.780
24.576	10.848
24.599	10.918
24.621	10.989
24.642	11.062
24.662	11.136
24.681	11.212
24.700	11.289
24.717	11.367
24.734	11.447
24.750	11.528
24.765	11.609
24.779	11.692
24.792	11.776
24.805	11.861
24.816	11.947
24.827	12.033
24.837	12.120
24.845	12.208
24.853	12.297
24.860	12.386
24.866	12.475
24.871	12.565
24.876	12.656
24.879	12.746
24.881	12.837
24.883	12.929
24.883	13.020
24.883	13.111
24.882	13.203
24.879	13.294
24.876	13.386
24.872	13.477
24.867	13.568
24.861	13.659
24.854	13.750
24.846	13.841
24.838	13.931
24.829	14.021
24.819	14.111
24.809	14.201
24.798	14.291
24.787	14.380
24.775	14.469
24.762	14.558
24.749	14.646
24.736	14.734
24.722	14.822
24.708	14.909
24.694	14.996
24.680	15.083
24.665	15.169
24.650	15.255
24.635	15.340
24.620	15.425
24.605	15.510
24.590	15.594
24.575	15.678
24.560	15.761
24.545	15.844
24.530	15.926
24.515	16.008
24.501	16.089
24.486	16.170
24.471	16.250
24.456	16.330
24.441	16.410
24.425	16.489
24.410	16.568
24.393	16.647
24.377	16.725
24.359	16.803
24.342	16.881
24.323	16.959
24.304	17.037
24.285	17.114
24.264	17.192
24.243	17.269
24.221	17.346
24.197	17.423
24.173	17.500
24.148	17.577
24.121	17.654
24.094	17.731
24.065	17.808
24.035	17.885
24.004	17.962
23.971	18.039
23.937	18.116
23.902	18.192
23.866	18.268
23.829	18.343
23.792	18.418
23.753	18.491
23.713	18.564
23.673	18.635
23.632	18.705
23.590	18.774
23.548	18.841
23.505	18.906
23.461	18.970
23.417	19.032
23.373	19.092
23.328	19.149
23.283	19.205
23.238	19.257
23.192	19.308
23.147	19.356
23.101	19.401
23.055	19.443
23.010	19.482
22.964	19.518
22.917	19.552
22.870	19.583
22.823	19.612
22.774	19.639
22.725	19.663
22.674	19.686
22.622	19.706
22.569	19.725
22.514	19.743
22.457	19.759
22.398	19.774
22.337	19.787
22.274	19.800
22.208	19.812
22.140	19.823
22.068	19.833
21.995	19.843
21.918	19.853
21.838	19.862
21.756	19.871
21.672	19.879
21.585	19.887
21.496	19.895
21.406	19.902
21.313	19.908
21.219	19.914
21.124	19.920
21.027	19.924
20.929	19.929
20.830	19.933
20.730	19.936
20.630	19.939
20.529	19.942
20.427	19.943
20.325	19.945
20.224	19.945
20.122	19.945
20.021	19.945
19.919	19.944
19.819	19.942
19.719	19.940
19.620	19.937
19.522	19.933
19.425	19.929
19.329	19.924
19.235	19.919
19.143	19.913
19.052	19.906
18.962	19.899
18.874	19.890
18.787	19.882
18.701	19.873
18.616	19.863
18.532	19.853
18.449	19.842
18.367	19.831
18.286	19.819
18.204	19.807
18.124	19.794
18.043	19.781
17.963	19.768
17.883	19.754
17.804	19.740
17.724	19.726
17.644	19.711
17.563	19.696
17.482	19.681
17.401	19.666
17.319	19.650
17.237	19.634
17.154	19.618
17.070	19.602
16.985	19.586
16.899	19.569
16.812	19.553
16.724	19.536
16.636	19.520
16.547	19.504
16.457	19.488
16.366	19.472
16.276	19.457
16.185	19.442
16.093	19.427
16.002	19.413
15.910	19.399
15.819	19.386
15.727	19.374
15.636	19.362
15.545	19.351
15.454	19.341
15.364	19.332
15.274	19.324
15.185	19.317
15.096	19.311
15.008	19.306
14.921	19.302
14.835	19.300
14.750	19.299
14.666	19.299
14.583	19.300
14.501	19.304
14.421	19.308
14.342	19.314
14.265	19.320
14.190	19.327
14.118	19.334
14.048	19.341
13.980	19.347
13.916	19.351
13.854	19.355
13.796	19.356
13.742	19.356
13.692	19.353
13.645	19.347
13.603	19.337
13.565	19.324
13.532	19.307
13.504	19.286
13.482	19.260
13.464	19.229
13.452	19.193
13.443	19.154
13.439	19.112
13.437	19.067
13.439	19.021
13.442	18.973
13.448	18.925
13.454	18.878
13.462	18.831
13.469	18.786
13.476	18.743
13.482	18.702
13.486	18.666
13.489	18.632
13.491	18.602
13.492	18.573
13.491	18.547
13.490	18.522
13.489	18.497
13.486	18.472
13.484	18.447
13.482	18.421
13.480	18.394
13.478	18.365
13.477	18.335
13.478	18.303
13.480	18.270
13.484	18.234
13.490	18.197
13.499	18.158
13.510	18.117
13.525	18.074
