X	Y
32.551	19.733
32.607	19.655
32.679	19.585
32.767	19.520
32.871	19.462
32.989	19.409
33.122	19.362
33.268	19.320
33.428	19.283
33.599	19.250
33.782	19.221
33.977	19.196
34.181	19.175
34.396	19.156
34.620	19.140
34.852	19.127
35.092	19.115
35.340	19.106
35.594	19.097
35.854	19.090
36.120	19.084
36.391	19.079
36.666	19.075
36.945	19.073
37.227	19.072
37.513	19.072
37.801	19.075
38.091	19.079
38.382	19.085
38.674	19.093
38.967	19.103
39.260	19.115
39.552	19.130
39.842	19.148
40.132	19.168
40.419	19.191
40.703	19.216
40.985	19.245
41.262	19.276
41.536	19.311
41.805	19.349
42.069	19.391
42.327	19.436
42.579	19.485
42.824	19.537
43.062	19.594
43.292	19.654
43.514	19.718
43.728	19.787
43.933	19.860
44.130	19.936
44.319	20.016
44.501	20.099
44.676	20.185
44.845	20.273
45.007	20.363
45.164	20.455
45.316	20.549
45.463	20.644
45.605	20.740
45.744	20.837
45.878	20.934
46.010	21.031
46.139	21.128
46.265	21.224
46.389	21.319
46.512	21.414
46.633	21.506
46.754	21.598
46.873	21.688
46.991	21.778
47.107	21.868
47.222	21.959
47.336	22.050
47.447	22.142
47.557	22.235
47.666	22.330
47.772	22.428
47.877	22.528
47.979	22.631
48.080	22.738
48.178	22.848
48.274	22.963
48.367	23.082
48.459	23.205
48.548	23.331
48.634	23.460
48.718	23.593
48.800	23.727
48.879	23.864
48.955	24.002
49.029	24.141
49.101	24.282
49.169	24.422
49.235	24.563
49.298	24.704
49.358	24.843
49.416	24.982
49.471	25.119
49.522	25.254
49.571	25.387
49.615	25.518
49.654	25.645
49.689	25.769
49.717	25.890
49.740	26.006
49.755	26.118
49.764	26.225
49.764	26.327
49.756	26.424
49.738	26.515
49.712	26.599
49.677	26.679
49.635	26.755
49.590	26.829
49.543	26.902
49.496	26.976
49.451	27.054
49.411	27.135
49.377	27.223
49.352	27.318
49.336	27.421
49.328	27.531
49.327	27.646
49.331	27.765
49.338	27.887
49.347	28.010
49.356	28.133
49.365	28.254
49.370	28.372
49.371	28.485
49.367	28.593
49.355	28.694
49.335	28.787
49.308	28.873
49.276	28.954
49.239	29.030
49.198	29.102
49.156	29.173
49.112	29.242
49.069	29.311
49.027	29.381
48.988	29.454
48.950	29.528
48.915	29.605
48.880	29.685
48.848	29.768
48.816	29.854
48.786	29.944
48.756	30.038
48.727	30.136
48.698	30.239
48.670	30.345
48.642	30.455
48.615	30.567
48.589	30.680
48.565	30.793
48.542	30.907
48.520	31.019
48.500	31.130
48.483	31.237
48.467	31.341
48.454	31.441
48.443	31.535
48.432	31.624
48.420	31.709
48.404	31.788
48.383	31.862
48.353	31.930
48.314	31.994
48.263	32.053
48.199	32.107
48.121	32.157
48.033	32.204
47.937	32.250
47.835	32.295
47.730	32.342
47.624	32.392
47.519	32.446
47.418	32.506
47.324	32.572
47.238	32.646
47.163	32.730
47.101	32.823
47.050	32.925
47.009	33.034
46.975	33.148
46.948	33.264
46.925	33.383
46.905	33.500
46.886	33.616
46.868	33.727
46.847	33.833
46.823	33.931
46.794	34.020
46.759	34.099
46.719	34.169
46.672	34.232
46.621	34.288
46.565	34.339
46.504	34.386
46.438	34.430
46.369	34.473
46.296	34.515
46.218	34.557
46.138	34.598
46.053	34.641
45.965	34.683
45.873	34.727
45.778	34.773
45.679	34.820
45.578	34.869
45.472	34.920
45.364	34.974
45.253	35.031
45.140	35.091
45.025	35.153
44.911	35.218
44.796	35.286
44.683	35.356
44.571	35.428
44.462	35.502
44.356	35.579
44.255	35.658
44.158	35.739
44.067	35.822
43.982	35.907
43.904	35.994
43.832	36.081
43.764	36.169
43.698	36.255
43.634	36.339
43.570	36.421
43.503	36.499
43.434	36.571
43.360	36.639
43.280	36.699
43.192	36.752
43.096	36.796
42.991	36.833
42.880	36.863
42.762	36.886
42.640	36.905
42.513	36.919
42.384	36.929
42.252	36.937
42.120	36.943
41.987	36.948
41.856	36.953
41.726	36.958
41.600	36.966
41.478	36.975
41.360	36.986
41.245	36.998
41.133	37.010
41.024	37.021
40.918	37.031
40.813	37.038
40.711	37.042
40.610	37.042
40.510	37.037
40.411	37.026
40.312	37.008
40.214	36.983
40.117	36.952
40.021	36.913
39.926	36.867
39.833	36.814
39.742	36.754
39.654	36.687
39.569	36.613
39.486	36.531
39.408	36.442
39.333	36.345
39.261	36.241
39.193	36.131
39.127	36.014
39.063	35.892
39.000	35.765
38.937	35.633
38.874	35.496
38.809	35.356
38.743	35.213
38.674	35.068
38.602	34.920
38.525	34.771
38.445	34.620
38.359	34.470
38.266	34.318
38.167	34.168
38.061	34.018
37.948	33.869
37.829	33.720
37.704	33.571
37.573	33.423
37.437	33.274
37.296	33.124
37.151	32.975
37.002	32.824
36.850	32.672
36.694	32.520
36.535	32.365
36.375	32.210
36.212	32.052
36.048	31.893
35.883	31.731
35.717	31.567
35.551	31.400
35.385	31.231
35.220	31.058
35.055	30.883
34.892	30.704
34.731	30.521
34.572	30.335
34.415	30.147
34.262	29.956
34.111	29.763
33.964	29.570
33.821	29.376
33.682	29.183
33.547	28.991
33.417	28.801
33.293	28.614
33.173	28.429
33.060	28.248
32.952	28.072
32.851	27.900
32.757	27.734
32.670	27.575
32.590	27.423
32.518	27.278
32.454	27.142
32.399	27.014
32.352	26.897
32.314	26.789
32.285	26.691
32.264	26.599
32.250	26.513
32.244	26.430
32.243	26.348
32.248	26.265
32.258	26.179
32.272	26.088
32.289	25.990
32.310	25.883
32.333	25.769
32.357	25.649
32.384	25.523
32.411	25.392
32.438	25.257
32.465	25.120
32.492	24.981
32.517	24.842
32.541	24.702
32.562	24.564
32.581	24.427
32.596	24.294
32.607	24.165
32.615	24.040
32.618	23.918
32.619	23.800
32.616	23.684
32.612	23.570
32.605	23.456
32.598	23.342
32.589	23.227
32.579	23.110
32.570	22.991
32.561	22.869
32.553	22.743
32.546	22.613
32.541	22.479
32.537	22.342
32.534	22.203
32.532	22.065
32.531	21.927
32.531	21.792
32.533	21.660
32.535	21.534
32.537	21.413
32.541	21.300
32.545	21.195
32.549	21.100
32.554	21.016
32.559	20.942
32.563	20.875
32.566	20.812
32.566	20.751
32.563	20.689
32.557	20.622
32.545	20.548
32.530	20.467
32.514	20.379
32.498	20.287
32.485	20.192
32.478	20.096
32.478	20.000
32.489	19.907
32.513	19.817
32.551	19.733
