X	Y
23.986	19.336
24.004	19.295
24.027	19.253
24.056	19.211
24.089	19.167
24.127	19.123
24.170	19.078
24.217	19.032
24.269	18.986
24.324	18.939
24.384	18.891
24.448	18.843
24.515	18.794
24.585	18.744
24.659	18.695
24.736	18.644
24.817	18.593
24.899	18.542
24.985	18.491
25.073	18.439
25.163	18.387
25.256	18.335
25.350	18.282
25.447	18.230
25.545	18.177
25.644	18.124
25.745	18.071
25.847	18.018
25.950	17.965
26.054	17.912
26.159	17.859
26.264	17.806
26.369	17.754
26.475	17.701
26.580	17.649
26.686	17.597
26.791	17.546
26.896	17.495
27.000	17.444
27.104	17.393
27.208	17.343
27.311	17.293
27.414	17.243
27.516	17.193
27.618	17.144
27.720	17.095
27.822	17.046
27.923	16.998
28.024	16.950
28.125	16.902
28.225	16.854
28.325	16.807
28.426	16.759
28.526	16.712
28.625	16.665
28.725	16.619
28.825	16.572
28.924	16.526
29.023	16.480
29.123	16.434
29.222	16.388
29.321	16.342
29.420	16.297
29.519	16.251
29.619	16.206
29.718	16.161
29.817	16.116
29.917	16.071
30.016	16.026
30.115	15.981
30.215	15.936
30.315	15.892
30.415	15.847
30.515	15.803
30.615	15.758
30.716	15.714
30.817	15.669
30.917	15.625
31.019	15.581
31.120	15.536
31.222	15.492
31.324	15.448
31.426	15.404
31.529	15.360
31.632	15.315
31.735	15.271
31.838	15.228
31.942	15.184
32.046	15.140
32.150	15.097
32.254	15.053
32.359	15.010
32.464	14.967
32.569	14.925
32.674	14.882
32.779	14.840
32.885	14.798
32.990	14.757
33.096	14.715
33.203	14.674
33.309	14.634
33.415	14.593
33.522	14.553
33.629	14.514
33.736	14.475
33.843	14.436
33.950	14.398
34.057	14.360
34.165	14.322
34.272	14.285
34.380	14.249
34.488	14.213
34.595	14.178
34.703	14.143
34.811	14.108
34.919	14.075
35.028	14.042
35.136	14.009
35.244	13.977
35.353	13.946
35.461	13.916
35.570	13.886
35.678	13.856
35.787	13.828
35.895	13.800
36.004	13.773
36.112	13.747
36.221	13.721
36.329	13.697
36.437	13.673
36.545	13.650
36.653	13.627
36.760	13.606
36.867	13.585
36.974	13.565
37.081	13.546
37.187	13.528
37.292	13.511
37.397	13.495
37.502	13.480
37.606	13.465
37.710	13.452
37.812	13.439
37.915	13.428
38.016	13.417
38.117	13.407
38.217	13.399
38.317	13.391
38.415	13.385
38.513	13.379
38.609	13.375
38.705	13.371
38.800	13.369
38.894	13.368
38.987	13.368
39.078	13.369
39.169	13.371
39.258	13.374
39.347	13.379
39.434	13.384
39.519	13.391
39.604	13.399
39.687	13.408
39.769	13.419
39.850	13.430
39.929	13.443
40.007	13.456
40.083	13.471
40.158	13.486
40.232	13.503
40.304	13.520
40.374	13.537
40.444	13.556
40.512	13.574
40.578	13.594
40.643	13.613
40.707	13.633
40.769	13.654
40.830	13.674
40.889	13.695
40.946	13.715
41.003	13.736
41.057	13.757
41.111	13.777
41.162	13.798
41.212	13.818
41.261	13.837
41.308	13.857
41.354	13.876
41.398	13.894
41.440	13.912
41.481	13.930
41.520	13.949
41.557	13.968
41.593	13.987
41.628	14.008
41.660	14.030
41.691	14.053
41.720	14.079
41.747	14.106
41.773	14.135
41.797	14.167
41.819	14.201
41.839	14.239
41.858	14.279
41.874	14.323
41.889	14.370
41.902	14.419
41.913	14.471
41.923	14.525
41.930	14.580
41.936	14.637
41.940	14.695
41.943	14.755
41.944	14.814
41.943	14.874
41.940	14.935
41.936	14.995
41.930	15.054
41.923	15.113
41.914	15.171
41.903	15.227
41.891	15.282
41.877	15.334
41.862	15.385
41.845	15.433
41.827	15.478
41.807	15.522
41.786	15.563
41.764	15.602
41.742	15.640
41.718	15.677
41.693	15.713
41.668	15.748
41.643	15.784
41.617	15.819
41.591	15.854
41.565	15.891
41.538	15.928
41.513	15.967
41.487	16.007
41.462	16.049
41.437	16.093
41.413	16.139
41.390	16.188
41.367	16.240
41.346	16.294
41.325	16.349
41.305	16.407
41.285	16.467
41.267	16.528
41.249	16.591
41.232	16.655
41.216	16.720
41.201	16.786
41.186	16.853
41.173	16.920
41.160	16.988
41.148	17.057
41.136	17.126
41.126	17.194
41.116	17.263
41.108	17.331
41.100	17.399
41.093	17.466
41.087	17.533
41.081	17.598
41.077	17.663
41.073	17.726
41.070	17.788
41.068	17.849
41.067	17.909
41.066	17.967
41.065	18.025
41.065	18.081
41.064	18.137
41.064	18.192
41.063	18.246
41.062	18.300
41.061	18.353
41.059	18.405
41.057	18.458
41.053	18.510
41.049	18.561
41.044	18.613
41.037	18.665
41.029	18.716
41.020	18.768
41.009	18.820
40.996	18.872
40.982	18.924
40.966	18.977
40.949	19.030
40.929	19.083
40.909	19.136
40.887	19.190
40.864	19.244
40.840	19.297
40.815	19.352
40.789	19.406
40.762	19.460
40.735	19.514
40.707	19.569
40.678	19.623
40.649	19.677
40.620	19.732
40.591	19.786
40.561	19.840
40.532	19.894
40.503	19.948
40.474	20.002
40.445	20.055
40.417	20.108
40.389	20.162
40.362	20.214
40.335	20.267
40.308	20.320
40.282	20.372
40.256	20.425
40.230	20.477
40.204	20.529
40.178	20.581
40.152	20.634
40.126	20.686
40.099	20.738
40.073	20.791
40.045	20.844
40.018	20.897
39.989	20.950
39.961	21.003
39.931	21.056
39.901	21.110
39.870	21.164
39.838	21.219
39.804	21.274
39.770	21.329
39.735	21.385
39.699	21.441
39.661	21.497
39.623	21.554
39.583	21.611
39.543	21.669
39.502	21.727
39.459	21.785
39.416	21.843
39.372	21.902
39.328	21.960
39.282	22.019
39.236	22.078
39.190	22.137
39.143	22.196
39.095	22.255
39.047	22.314
38.998	22.373
38.949	22.432
38.899	22.491
38.850	22.549
38.800	22.608
38.749	22.666
38.699	22.724
38.648	22.782
38.597	22.840
38.547	22.897
38.496	22.954
38.445	23.011
38.394	23.067
38.343	23.123
38.293	23.178
38.242	23.233
38.191	23.287
38.140	23.341
38.089	23.394
38.038	23.447
37.987	23.499
37.936	23.551
37.884	23.602
37.833	23.652
37.781	23.701
37.729	23.750
37.676	23.798
37.623	23.845
37.570	23.892
37.517	23.937
37.463	23.982
37.408	24.026
37.354	24.069
37.298	24.111
37.243	24.152
37.186	24.192
37.129	24.231
37.072	24.269
37.014	24.305
36.955	24.341
36.896	24.376
36.836	24.410
36.776	24.442
36.715	24.473
36.653	24.503
36.590	24.532
36.527	24.559
36.463	24.585
36.399	24.610
36.333	24.634
36.267	24.656
36.201	24.676
36.133	24.695
36.065	24.713
35.997	24.730
35.927	24.744
35.857	24.758
35.786	24.769
35.714	24.779
35.642	24.788
35.569	24.795
35.495	24.800
35.420	24.803
35.345	24.805
35.269	24.805
35.192	24.803
35.114	24.800
35.035	24.795
34.956	24.787
34.876	24.779
34.796	24.768
34.714	24.756
34.632	24.742
34.549	24.727
34.466	24.711
34.382	24.693
34.297	24.674
34.212	24.653
34.126	24.631
34.040	24.608
33.953	24.585
33.865	24.560
33.777	24.534
33.689	24.507
33.600	24.479
33.510	24.451
33.421	24.421
33.330	24.391
33.240	24.361
33.149	24.329
33.057	24.298
32.965	24.266
32.873	24.233
32.781	24.200
32.688	24.167
32.595	24.134
32.502	24.100
32.409	24.066
32.315	24.032
32.221	23.999
32.127	23.965
32.033	23.931
31.938	23.898
31.844	23.864
31.749	23.831
31.654	23.798
31.559	23.766
31.464	23.733
31.369	23.701
31.274	23.668
31.178	23.636
31.083	23.604
30.987	23.572
30.891	23.540
30.795	23.508
30.699	23.477
30.603	23.445
30.507	23.413
30.410	23.382
30.314	23.350
30.217	23.319
30.120	23.287
30.023	23.255
29.926	23.224
29.829	23.192
29.732	23.161
29.635	23.129
29.537	23.097
29.440	23.065
29.342	23.033
29.244	23.001
29.146	22.969
29.048	22.937
28.950	22.905
28.852	22.872
28.754	22.840
28.655	22.807
28.557	22.774
28.458	22.741
28.360	22.707
28.261	22.674
28.162	22.640
28.063	22.606
27.964	22.572
27.866	22.537
27.767	22.503
27.668	22.468
27.570	22.433
27.472	22.398
27.374	22.363
27.277	22.328
27.180	22.293
27.084	22.258
26.988	22.222
26.893	22.187
26.799	22.152
26.706	22.117
26.614	22.082
26.523	22.047
26.433	22.012
26.344	21.978
26.256	21.943
26.169	21.909
26.084	21.875
26.001	21.841
25.918	21.807
25.838	21.774
25.759	21.740
25.681	21.708
25.606	21.675
25.532	21.643
25.460	21.611
25.390	21.580
25.322	21.549
25.257	21.518
25.193	21.488
25.132	21.459
25.073	21.429
25.016	21.401
24.962	21.373
24.910	21.345
24.860	21.317
24.813	21.290
24.767	21.263
24.724	21.235
24.682	21.208
24.642	21.181
24.604	21.153
24.568	21.125
24.533	21.097
24.500	21.068
24.469	21.039
24.439	21.009
24.410	20.979
24.383	20.947
24.357	20.915
24.332	20.882
24.308	20.848
24.285	20.813
24.264	20.777
24.244	20.741
24.225	20.703
24.207	20.666
24.190	20.628
24.175	20.590
24.161	20.551
24.148	20.513
24.137	20.474
24.127	20.436
24.118	20.398
24.110	20.360
24.104	20.322
24.100	20.285
24.096	20.249
24.094	20.213
24.092	20.177
24.091	20.142
24.091	20.107
24.090	20.073
24.089	20.039
24.087	20.005
24.085	19.971
24.081	19.938
24.077	19.904
24.071	19.871
24.063	19.837
24.053	19.804
24.042	19.770
24.029	19.737
24.017	19.703
24.004	19.668
23.992	19.634
23.982	19.599
23.973	19.563
23.966	19.527
23.962	19.490
23.962	19.453
23.965	19.415
23.973	19.376
23.986	19.336
