X	Y
69.518	38.319
69.577	38.236
69.658	38.156
69.760	38.079
69.883	38.004
70.024	37.932
70.185	37.863
70.364	37.797
70.561	37.733
70.774	37.672
71.004	37.613
71.250	37.557
71.510	37.504
71.785	37.453
72.074	37.404
72.376	37.357
72.690	37.314
73.016	37.272
73.353	37.233
73.700	37.195
74.057	37.161
74.423	37.128
74.798	37.098
75.181	37.069
75.571	37.043
75.967	37.019
76.369	36.997
76.777	36.977
77.189	36.958
77.605	36.942
78.024	36.928
78.446	36.915
78.869	36.905
79.294	36.896
79.720	36.889
80.146	36.884
80.571	36.880
80.994	36.878
81.416	36.878
81.836	36.880
82.255	36.883
82.671	36.887
83.085	36.893
83.497	36.901
83.906	36.910
84.313	36.921
84.718	36.933
85.121	36.946
85.521	36.961
85.918	36.977
86.312	36.995
86.704	37.014
87.093	37.034
87.479	37.055
87.862	37.078
88.242	37.102
88.619	37.127
88.992	37.153
89.363	37.181
89.730	37.209
90.093	37.239
90.453	37.270
90.810	37.301
91.162	37.334
91.511	37.368
91.857	37.402
92.198	37.438
92.535	37.474
92.869	37.512
93.198	37.550
93.523	37.589
93.844	37.629
94.160	37.670
94.472	37.711
94.780	37.753
95.083	37.796
95.381	37.840
95.675	37.884
95.964	37.929
96.248	37.974
96.527	38.020
96.801	38.067
97.070	38.114
97.335	38.162
97.595	38.211
97.851	38.261
98.103	38.311
98.350	38.362
98.593	38.415
98.833	38.468
99.068	38.522
99.300	38.578
99.529	38.635
99.754	38.693
99.975	38.752
100.194	38.813
100.409	38.875
100.622	38.939
100.832	39.004
101.039	39.071
101.243	39.139
101.445	39.209
101.645	39.281
101.843	39.355
102.038	39.430
102.232	39.508
102.424	39.587
102.614	39.669
102.803	39.752
102.989	39.838
103.174	39.927
103.357	40.018
103.538	40.111
103.717	40.208
103.893	40.308
104.066	40.412
104.237	40.519
104.404	40.630
104.569	40.745
104.730	40.864
104.888	40.988
105.042	41.116
105.192	41.249
105.338	41.387
105.481	41.530
105.619	41.679
105.752	41.833
105.881	41.993
106.006	42.159
106.125	42.331
106.239	42.509
106.348	42.694
106.452	42.885
106.551	43.083
106.644	43.286
106.732	43.494
106.815	43.707
106.893	43.924
106.967	44.144
107.035	44.368
107.099	44.595
107.158	44.823
107.212	45.054
107.262	45.285
107.307	45.518
107.348	45.751
107.384	45.983
107.416	46.215
107.444	46.446
107.468	46.675
107.488	46.902
107.503	47.127
107.515	47.348
107.523	47.566
107.527	47.780
107.527	47.990
107.524	48.194
107.517	48.393
107.506	48.586
107.492	48.774
107.475	48.956
107.454	49.134
107.431	49.306
107.404	49.475
107.374	49.640
107.341	49.802
107.306	49.960
107.268	50.116
107.228	50.269
107.185	50.420
107.139	50.570
107.092	50.718
107.042	50.865
106.990	51.012
106.936	51.159
106.880	51.305
106.823	51.452
106.764	51.600
106.703	51.749
106.641	51.899
106.578	52.050
106.514	52.202
106.450	52.354
106.385	52.508
106.320	52.663
106.255	52.818
106.191	52.975
106.127	53.133
106.063	53.291
106.001	53.450
105.940	53.610
105.880	53.772
105.822	53.934
105.766	54.096
105.711	54.260
105.660	54.425
105.610	54.590
105.564	54.757
105.520	54.924
105.478	55.091
105.437	55.258
105.398	55.425
105.359	55.592
105.320	55.758
105.281	55.923
105.241	56.087
105.200	56.249
105.157	56.409
105.111	56.567
105.063	56.723
105.012	56.876
104.957	57.026
104.898	57.173
104.834	57.316
104.764	57.455
104.690	57.590
104.609	57.721
104.522	57.848
104.430	57.970
104.334	58.089
104.234	58.205
104.131	58.318
104.027	58.429
103.922	58.538
103.817	58.645
103.714	58.752
103.612	58.858
103.513	58.964
103.417	59.070
103.326	59.176
103.241	59.284
103.162	59.393
103.090	59.505
103.026	59.618
102.971	59.735
102.923	59.853
102.881	59.974
102.844	60.096
102.810	60.220
102.779	60.344
102.749	60.469
102.719	60.594
102.687	60.718
102.653	60.843
102.614	60.966
102.570	61.088
102.520	61.208
102.462	61.326
102.395	61.441
102.317	61.554
102.231	61.665
102.135	61.772
102.032	61.877
101.921	61.980
101.804	62.080
101.682	62.178
101.554	62.273
101.422	62.366
101.287	62.457
101.149	62.545
101.009	62.632
100.868	62.716
100.727	62.798
100.586	62.879
100.447	62.957
100.309	63.034
100.174	63.108
100.042	63.182
99.914	63.253
99.790	63.324
99.669	63.395
99.552	63.465
99.439	63.536
99.329	63.608
99.223	63.682
99.122	63.757
99.023	63.834
98.929	63.914
98.839	63.997
98.753	64.084
98.671	64.175
98.593	64.271
98.519	64.371
98.448	64.476
98.381	64.586
98.316	64.699
98.252	64.815
98.188	64.933
98.125	65.053
98.060	65.173
97.994	65.295
97.925	65.416
97.853	65.536
97.777	65.654
97.696	65.771
97.610	65.884
97.517	65.994
97.417	66.100
97.308	66.202
97.192	66.298
97.068	66.390
96.937	66.477
96.799	66.561
96.656	66.640
96.506	66.717
96.351	66.790
96.192	66.860
96.028	66.928
95.861	66.993
95.690	67.057
95.517	67.119
95.342	67.179
95.165	67.239
94.986	67.298
94.807	67.356
94.628	67.414
94.449	67.473
94.271	67.532
94.095	67.592
93.920	67.653
93.747	67.714
93.575	67.777
93.405	67.839
93.236	67.902
93.067	67.965
92.900	68.027
92.734	68.089
92.567	68.150
92.402	68.210
92.236	68.268
92.070	68.325
91.905	68.379
91.738	68.432
91.572	68.482
91.404	68.530
91.236	68.575
91.066	68.616
90.896	68.654
90.724	68.689
90.550	68.719
90.375	68.745
90.198	68.767
90.019	68.784
89.840	68.796
89.659	68.803
89.477	68.805
89.295	68.801
89.112	68.790
88.929	68.774
88.745	68.751
88.561	68.721
88.378	68.685
88.194	68.641
88.011	68.589
87.828	68.530
87.646	68.463
87.465	68.387
87.286	68.303
87.107	68.210
86.929	68.108
86.753	67.997
86.579	67.876
86.407	67.746
86.236	67.606
86.067	67.457
85.899	67.300
85.733	67.133
85.568	66.959
85.404	66.777
85.241	66.587
85.080	66.389
84.919	66.184
84.759	65.973
84.600	65.755
84.442	65.531
84.284	65.300
84.127	65.064
83.970	64.823
83.814	64.576
83.657	64.325
83.501	64.069
83.345	63.808
83.189	63.544
83.032	63.275
82.876	63.004
82.719	62.729
82.561	62.451
82.403	62.170
82.245	61.887
82.086	61.602
81.926	61.316
81.765	61.027
81.603	60.738
81.440	60.447
81.276	60.156
81.111	59.865
80.945	59.573
80.777	59.280
80.609	58.988
80.440	58.695
80.270	58.403
80.099	58.110
79.928	57.817
79.756	57.525
79.584	57.232
79.412	56.940
79.239	56.648
79.066	56.357
78.893	56.066
78.720	55.775
78.548	55.485
78.375	55.196
78.203	54.907
78.031	54.619
77.860	54.331
77.690	54.045
77.520	53.760
77.351	53.475
77.183	53.192
77.015	52.909
76.849	52.628
76.684	52.348
76.520	52.070
76.358	51.792
76.197	51.517
76.038	51.242
75.880	50.970
75.724	50.698
75.570	50.429
75.417	50.161
75.267	49.895
75.118	49.631
74.972	49.369
74.828	49.109
74.687	48.851
74.547	48.596
74.410	48.343
74.275	48.094
74.142	47.848
74.011	47.606
73.882	47.368
73.755	47.135
73.629	46.907
73.506	46.684
73.384	46.466
73.263	46.255
73.145	46.049
73.027	45.851
72.911	45.659
72.797	45.475
72.683	45.298
72.571	45.129
72.460	44.968
72.350	44.816
72.242	44.674
72.134	44.540
72.027	44.416
71.921	44.302
71.816	44.199
71.711	44.106
71.607	44.024
71.504	43.952
71.402	43.889
71.302	43.832
71.203	43.779
71.106	43.729
71.011	43.680
70.919	43.631
70.829	43.579
70.743	43.522
70.659	43.460
70.580	43.390
70.504	43.310
70.432	43.218
70.364	43.116
70.300	43.003
70.240	42.882
70.184	42.753
70.132	42.617
70.083	42.476
70.037	42.331
69.995	42.183
69.955	42.034
69.919	41.883
69.886	41.734
69.855	41.586
69.827	41.442
69.802	41.302
69.779	41.167
69.758	41.039
69.739	40.918
69.723	40.805
69.708	40.698
69.696	40.598
69.687	40.502
69.679	40.411
69.674	40.325
69.671	40.241
69.671	40.161
69.673	40.082
69.677	40.005
69.684	39.929
69.692	39.853
69.700	39.778
69.708	39.702
69.712	39.625
69.714	39.547
69.710	39.468
69.701	39.387
69.684	39.304
69.659	39.218
69.628	39.130
69.592	39.040
69.556	38.949
69.522	38.857
69.492	38.765
69.470	38.673
69.459	38.582
69.461	38.492
69.480	38.404
69.518	38.319
