X	Y
6.820	4.518
6.832	4.503
6.846	4.489
6.862	4.475
6.882	4.462
6.903	4.449
6.927	4.437
6.953	4.426
6.981	4.415
7.011	4.404
7.043	4.394
7.076	4.384
7.111	4.374
7.148	4.366
7.186	4.357
7.225	4.349
7.265	4.341
7.306	4.333
7.348	4.326
7.390	4.319
7.434	4.313
7.477	4.306
7.522	4.300
7.566	4.295
7.611	4.289
7.656	4.284
7.702	4.279
7.747	4.275
7.793	4.271
7.839	4.267
7.886	4.264
7.932	4.261
7.979	4.258
8.026	4.256
8.073	4.254
8.120	4.253
8.167	4.252
8.214	4.251
8.261	4.251
8.308	4.252
8.356	4.252
8.403	4.254
8.450	4.256
8.497	4.258
8.544	4.261
8.590	4.265
8.637	4.269
8.683	4.274
8.730	4.279
8.776	4.285
8.821	4.291
8.867	4.298
8.912	4.306
8.957	4.314
9.002	4.323
9.046	4.333
9.089	4.343
9.133	4.354
9.175	4.365
9.218	4.377
9.259	4.389
9.300	4.402
9.340	4.415
9.380	4.429
9.418	4.443
9.456	4.458
9.493	4.473
9.529	4.489
9.565	4.505
9.599	4.522
9.632	4.539
9.664	4.556
9.695	4.574
9.725	4.592
9.754	4.611
9.782	4.630
9.808	4.649
9.833	4.669
9.857	4.689
9.879	4.709
9.901	4.729
9.922	4.750
9.941	4.771
9.961	4.792
9.979	4.813
9.997	4.834
10.015	4.855
10.033	4.877
10.050	4.898
10.068	4.919
10.085	4.940
10.103	4.961
10.121	4.982
10.140	5.003
10.159	5.024
10.179	5.044
10.200	5.064
10.221	5.084
10.242	5.103
10.263	5.122
10.284	5.141
10.305	5.160
10.325	5.179
10.344	5.197
10.362	5.215
10.379	5.233
10.394	5.251
10.408	5.268
10.419	5.285
10.429	5.302
10.435	5.319
10.439	5.336
10.441	5.352
10.440	5.369
10.437	5.385
10.432	5.401
10.425	5.417
10.418	5.433
10.409	5.449
10.400	5.465
10.391	5.481
10.381	5.497
10.372	5.513
10.364	5.529
10.356	5.545
10.349	5.562
10.343	5.578
10.339	5.594
10.336	5.611
10.334	5.628
10.334	5.644
10.336	5.661
10.339	5.677
10.345	5.694
10.353	5.711
10.363	5.727
10.374	5.744
10.386	5.761
10.398	5.777
10.411	5.794
10.424	5.811
10.436	5.827
10.447	5.844
10.458	5.861
10.467	5.878
10.474	5.895
10.479	5.912
10.482	5.928
10.483	5.945
10.482	5.961
10.479	5.976
10.475	5.991
10.469	6.005
10.461	6.018
10.452	6.029
10.442	6.040
10.430	6.049
10.418	6.057
10.405	6.064
10.392	6.072
10.378	6.079
10.365	6.086
10.353	6.095
10.342	6.104
10.332	6.114
10.324	6.127
10.317	6.140
10.312	6.155
10.308	6.171
10.305	6.188
10.303	6.205
10.302	6.223
10.302	6.241
10.303	6.260
10.304	6.278
10.306	6.296
10.309	6.314
10.311	6.331
10.314	6.348
10.317	6.365
10.320	6.382
10.322	6.398
10.325	6.414
10.328	6.430
10.330	6.446
10.332	6.461
10.333	6.477
10.334	6.492
10.334	6.508
10.334	6.523
10.334	6.539
10.334	6.554
10.333	6.570
10.333	6.586
10.332	6.602
10.332	6.618
10.332	6.635
10.332	6.651
10.332	6.667
10.331	6.683
10.330	6.698
10.327	6.711
10.323	6.723
10.316	6.732
10.308	6.740
10.296	6.745
10.283	6.747
10.268	6.748
10.251	6.748
10.233	6.747
10.214	6.745
10.195	6.743
10.176	6.743
10.157	6.743
10.139	6.745
10.122	6.749
10.107	6.756
10.093	6.765
10.080	6.777
10.069	6.790
10.060	6.804
10.051	6.820
10.044	6.837
10.037	6.855
10.032	6.873
10.027	6.891
10.023	6.908
10.020	6.926
10.018	6.942
10.016	6.959
10.015	6.975
10.014	6.990
10.013	7.006
10.013	7.021
10.014	7.036
10.014	7.051
10.014	7.066
10.015	7.081
10.016	7.095
10.016	7.110
10.015	7.123
10.013	7.137
10.011	7.149
10.006	7.160
10.000	7.170
9.992	7.178
9.982	7.185
9.970	7.190
9.957	7.195
9.942	7.198
9.927	7.200
9.911	7.201
9.896	7.201
9.880	7.200
9.865	7.199
9.850	7.197
9.835	7.196
9.821	7.194
9.806	7.192
9.792	7.192
9.777	7.192
9.763	7.193
9.747	7.196
9.731	7.200
9.714	7.207
9.697	7.215
9.680	7.224
9.662	7.236
9.645	7.248
9.628	7.262
9.611	7.278
9.596	7.294
9.581	7.311
9.568	7.328
9.556	7.346
9.546	7.365
9.538	7.384
9.532	7.403
9.528	7.422
9.525	7.441
9.523	7.460
9.521	7.477
9.519	7.494
9.516	7.510
9.513	7.524
9.507	7.537
9.500	7.547
9.490	7.556
9.477	7.563
9.462	7.568
9.445	7.571
9.427	7.572
9.407	7.572
9.387	7.571
9.367	7.569
9.347	7.566
9.327	7.562
9.308	7.557
9.291	7.553
9.275	7.548
9.261	7.543
9.248	7.538
9.235	7.534
9.223	7.529
9.211	7.525
9.199	7.522
9.187	7.519
9.173	7.517
9.159	7.516
9.144	7.516
9.129	7.517
9.114	7.519
9.098	7.523
9.084	7.527
9.070	7.534
9.057	7.542
9.046	7.551
9.036	7.563
9.027	7.575
9.020	7.590
9.013	7.604
9.007	7.620
9.002	7.635
8.996	7.651
8.990	7.665
8.983	7.679
8.975	7.692
8.966	7.702
8.956	7.712
8.944	7.719
8.932	7.725
8.918	7.728
8.903	7.730
8.888	7.729
8.871	7.727
8.854	7.722
8.835	7.715
8.817	7.705
8.797	7.694
8.778	7.681
8.758	7.667
8.738	7.651
8.718	7.634
8.698	7.617
8.679	7.598
8.660	7.580
8.641	7.560
8.624	7.541
8.607	7.522
8.592	7.504
8.577	7.486
8.564	7.469
8.552	7.452
8.542	7.437
8.532	7.422
8.523	7.408
8.514	7.394
8.506	7.380
8.498	7.367
8.489	7.353
8.480	7.340
8.470	7.326
8.459	7.312
8.447	7.297
8.435	7.282
8.421	7.267
8.407	7.251
8.392	7.236
8.377	7.221
8.361	7.205
8.345	7.190
8.329	7.175
8.314	7.161
8.298	7.147
8.283	7.134
8.268	7.121
8.254	7.109
8.241	7.098
8.227	7.087
8.214	7.077
8.201	7.066
8.188	7.056
8.175	7.045
8.162	7.034
8.148	7.022
8.133	7.010
8.118	6.996
8.102	6.982
8.084	6.966
8.066	6.949
8.047	6.932
8.028	6.913
8.007	6.893
7.986	6.872
7.965	6.850
7.942	6.827
7.920	6.804
7.897	6.779
7.873	6.754
7.849	6.728
7.825	6.701
7.801	6.673
7.776	6.645
7.751	6.616
7.727	6.586
7.702	6.556
7.677	6.525
7.653	6.494
7.628	6.463
7.604	6.430
7.580	6.398
7.557	6.365
7.533	6.332
7.510	6.298
7.487	6.264
7.464	6.230
7.442	6.196
7.419	6.162
7.397	6.127
7.375	6.093
7.354	6.058
7.333	6.023
7.312	5.989
7.291	5.954
7.271	5.920
7.250	5.886
7.230	5.852
7.211	5.818
7.192	5.784
7.173	5.751
7.154	5.718
7.135	5.685
7.117	5.653
7.099	5.621
7.082	5.590
7.065	5.559
7.048	5.529
7.032	5.499
7.016	5.470
7.000	5.441
6.985	5.412
6.970	5.384
6.956	5.356
6.943	5.329
6.930	5.302
6.918	5.275
6.906	5.249
6.895	5.223
6.885	5.197
6.875	5.172
6.866	5.147
6.858	5.123
6.851	5.098
6.845	5.074
6.839	5.050
6.835	5.027
6.831	5.004
6.827	4.981
6.824	4.959
6.822	4.937
6.820	4.916
6.818	4.896
6.817	4.876
6.815	4.856
6.814	4.838
6.813	4.820
6.812	4.803
6.811	4.786
6.809	4.771
6.808	4.756
6.806	4.743
6.805	4.730
6.804	4.718
6.803	4.708
6.803	4.698
6.803	4.689
6.803	4.681
6.803	4.674
6.803	4.666
6.803	4.657
6.803	4.647
6.802	4.636
6.800	4.623
6.800	4.610
6.799	4.595
6.800	4.580
6.802	4.564
6.806	4.548
6.812	4.533
6.820	4.518
