X	Y
48.468	47.903
48.529	47.831
48.605	47.761
48.697	47.694
48.803	47.630
48.921	47.568
49.052	47.509
49.195	47.451
49.348	47.396
49.510	47.342
49.681	47.289
49.860	47.238
50.046	47.188
50.238	47.139
50.435	47.091
50.636	47.043
50.841	46.995
51.048	46.947
51.257	46.900
51.466	46.851
51.676	46.803
51.885	46.754
52.095	46.706
52.304	46.658
52.514	46.610
52.724	46.564
52.935	46.518
53.146	46.474
53.357	46.432
53.569	46.392
53.782	46.354
53.995	46.319
54.210	46.286
54.425	46.257
54.641	46.231
54.858	46.209
55.076	46.191
55.296	46.177
55.516	46.167
55.738	46.162
55.962	46.163
56.187	46.168
56.413	46.180
56.641	46.197
56.871	46.220
57.103	46.250
57.336	46.285
57.570	46.327
57.805	46.373
58.040	46.425
58.276	46.481
58.513	46.542
58.749	46.608
58.984	46.677
59.219	46.750
59.453	46.826
59.686	46.906
59.918	46.989
60.148	47.074
60.376	47.161
60.602	47.251
60.826	47.342
61.046	47.435
61.264	47.529
61.479	47.624
61.690	47.719
61.898	47.816
62.102	47.912
62.301	48.008
62.496	48.103
62.687	48.198
62.872	48.292
63.053	48.385
63.229	48.477
63.401	48.569
63.568	48.661
63.732	48.754
63.893	48.847
64.050	48.940
64.205	49.035
64.356	49.131
64.506	49.229
64.653	49.329
64.798	49.431
64.942	49.536
65.084	49.644
65.226	49.754
65.366	49.868
65.506	49.986
65.646	50.108
65.786	50.233
65.926	50.364
66.067	50.499
66.208	50.639
66.349	50.783
66.490	50.932
66.631	51.084
66.770	51.240
66.909	51.400
67.045	51.562
67.180	51.728
67.313	51.896
67.442	52.066
67.569	52.238
67.693	52.412
67.813	52.588
67.929	52.765
68.041	52.942
68.149	53.121
68.251	53.299
68.348	53.478
68.440	53.657
68.525	53.835
68.605	54.013
68.677	54.190
68.743	54.365
68.802	54.540
68.854	54.712
68.900	54.883
68.940	55.053
68.974	55.220
69.002	55.386
69.025	55.549
69.044	55.710
69.058	55.869
69.067	56.025
69.073	56.179
69.074	56.330
69.073	56.478
69.068	56.623
69.061	56.766
69.050	56.905
69.038	57.041
69.024	57.173
69.008	57.302
68.990	57.428
68.970	57.550
68.949	57.669
68.926	57.785
68.902	57.898
68.875	58.007
68.848	58.114
68.819	58.217
68.788	58.318
68.757	58.416
68.723	58.511
68.689	58.603
68.653	58.693
68.617	58.781
68.579	58.868
68.542	58.954
68.503	59.040
68.465	59.126
68.427	59.214
68.390	59.303
68.353	59.394
68.317	59.487
68.282	59.584
68.248	59.684
68.215	59.787
68.183	59.891
68.151	59.997
68.119	60.104
68.088	60.212
68.056	60.319
68.025	60.426
67.992	60.532
67.960	60.636
67.926	60.739
67.892	60.838
67.857	60.935
67.820	61.030
67.781	61.123
67.741	61.215
67.698	61.307
67.653	61.398
67.605	61.490
67.554	61.582
67.500	61.676
67.442	61.772
67.380	61.871
67.314	61.973
67.244	62.078
67.170	62.185
67.093	62.295
67.012	62.407
66.929	62.519
66.842	62.632
66.754	62.746
66.663	62.859
66.571	62.971
66.478	63.082
66.383	63.191
66.288	63.297
66.192	63.400
66.097	63.500
66.001	63.596
65.906	63.688
65.812	63.775
65.718	63.859
65.624	63.939
65.530	64.018
65.436	64.094
65.341	64.169
65.246	64.243
65.150	64.318
65.054	64.393
64.956	64.469
64.856	64.547
64.755	64.628
64.653	64.712
64.548	64.799
64.442	64.890
64.333	64.985
64.223	65.082
64.112	65.183
64.000	65.285
63.887	65.390
63.773	65.496
63.658	65.603
63.544	65.711
63.429	65.819
63.314	65.927
63.199	66.035
63.085	66.142
62.972	66.247
62.859	66.352
62.748	66.454
62.638	66.553
62.529	66.651
62.421	66.744
62.315	66.835
62.210	66.922
62.106	67.004
62.003	67.082
61.900	67.156
61.798	67.224
61.697	67.286
61.596	67.343
61.495	67.394
61.395	67.437
61.294	67.474
61.194	67.504
61.094	67.527
60.994	67.543
60.894	67.556
60.795	67.565
60.697	67.573
60.600	67.580
60.505	67.589
60.412	67.601
60.320	67.617
60.231	67.639
60.145	67.667
60.061	67.704
59.979	67.747
59.898	67.796
59.817	67.849
59.736	67.905
59.654	67.962
59.570	68.019
59.484	68.075
59.394	68.129
59.300	68.178
59.201	68.223
59.097	68.261
58.987	68.293
58.873	68.318
58.753	68.338
58.630	68.352
58.503	68.360
58.372	68.363
58.238	68.361
58.101	68.354
57.961	68.342
57.820	68.326
57.677	68.306
57.533	68.282
57.387	68.254
57.241	68.222
57.095	68.187
56.948	68.148
56.801	68.106
56.654	68.059
56.507	68.008
56.360	67.953
56.213	67.893
56.066	67.828
55.919	67.758
55.772	67.682
55.625	67.601
55.479	67.514
55.333	67.421
55.187	67.322
55.041	67.216
54.896	67.104
54.751	66.985
54.607	66.858
54.464	66.724
54.321	66.583
54.178	66.435
54.037	66.280
53.896	66.118
53.755	65.951
53.616	65.778
53.477	65.599
53.339	65.415
53.202	65.226
53.066	65.032
52.931	64.835
52.796	64.633
52.663	64.428
52.531	64.219
52.400	64.008
52.269	63.794
52.140	63.577
52.012	63.359
51.885	63.138
51.760	62.917
51.635	62.694
51.512	62.471
51.390	62.247
51.270	62.023
51.151	61.799
51.033	61.576
50.916	61.353
50.801	61.132
50.688	60.912
50.575	60.693
50.464	60.475
50.355	60.260
50.246	60.046
50.138	59.834
50.032	59.624
49.926	59.417
49.822	59.212
49.718	59.009
49.616	58.810
49.514	58.613
49.413	58.419
49.312	58.229
49.213	58.042
49.113	57.859
49.015	57.679
48.917	57.503
48.820	57.331
48.723	57.163
48.626	57.000
48.530	56.840
48.434	56.686
48.338	56.536
48.243	56.391
48.149	56.250
48.057	56.113
47.967	55.979
47.881	55.847
47.799	55.718
47.721	55.590
47.649	55.464
47.582	55.339
47.522	55.213
47.469	55.088
47.425	54.961
47.389	54.834
47.362	54.705
47.345	54.574
47.339	54.440
47.344	54.303
47.359	54.164
47.383	54.022
47.415	53.877
47.454	53.731
47.499	53.584
47.549	53.436
47.602	53.286
47.657	53.137
47.714	52.987
47.772	52.838
47.828	52.689
47.882	52.541
47.934	52.394
47.981	52.249
48.023	52.105
48.058	51.964
48.086	51.826
48.107	51.690
48.122	51.557
48.132	51.426
48.137	51.296
48.139	51.169
48.138	51.044
48.136	50.921
48.133	50.799
48.131	50.678
48.129	50.559
48.130	50.441
48.134	50.323
48.141	50.207
48.153	50.091
48.170	49.976
48.190	49.862
48.213	49.749
48.238	49.637
48.264	49.525
48.289	49.415
48.313	49.307
48.336	49.199
48.355	49.093
48.371	48.989
48.382	48.886
48.387	48.786
48.386	48.687
48.381	48.590
48.374	48.495
48.368	48.403
48.364	48.312
48.365	48.225
48.374	48.140
48.392	48.058
48.423	47.979
48.468	47.903
