X	Y
22.971	18.225
22.992	18.210
23.017	18.198
23.045	18.188
23.076	18.181
23.110	18.175
23.147	18.172
23.187	18.170
23.230	18.171
23.276	18.173
23.324	18.177
23.375	18.183
23.428	18.191
23.484	18.200
23.541	18.211
23.601	18.224
23.664	18.238
23.728	18.254
23.794	18.271
23.862	18.290
23.932	18.310
24.003	18.331
24.077	18.353
24.151	18.377
24.227	18.402
24.305	18.428
24.383	18.455
24.463	18.483
24.544	18.511
24.626	18.541
24.709	18.572
24.792	18.603
24.877	18.635
24.962	18.668
25.047	18.701
25.134	18.735
25.220	18.769
25.307	18.804
25.394	18.839
25.481	18.875
25.568	18.911
25.656	18.947
25.743	18.984
25.830	19.021
25.916	19.057
26.002	19.094
26.088	19.131
26.173	19.168
26.258	19.204
26.342	19.241
26.425	19.277
26.507	19.313
26.588	19.349
26.668	19.385
26.747	19.420
26.825	19.454
26.902	19.488
26.977	19.522
27.050	19.555
27.122	19.587
27.193	19.619
27.262	19.650
27.330	19.680
27.396	19.711
27.462	19.740
27.526	19.769
27.588	19.798
27.650	19.826
27.711	19.854
27.770	19.881
27.829	19.908
27.886	19.934
27.943	19.960
27.998	19.986
28.053	20.012
28.107	20.037
28.160	20.061
28.212	20.086
28.264	20.110
28.315	20.134
28.366	20.158
28.415	20.182
28.465	20.205
28.514	20.228
28.562	20.251
28.610	20.274
28.658	20.297
28.705	20.320
28.752	20.343
28.799	20.365
28.845	20.388
28.891	20.410
28.938	20.433
28.984	20.455
29.030	20.478
29.076	20.501
29.122	20.523
29.168	20.546
29.215	20.569
29.261	20.592
29.308	20.615
29.355	20.638
29.402	20.662
29.450	20.685
29.498	20.709
29.546	20.733
29.595	20.757
29.644	20.782
29.693	20.806
29.743	20.831
29.793	20.856
29.843	20.882
29.893	20.907
29.944	20.933
29.994	20.959
30.045	20.985
30.096	21.012
30.148	21.039
30.199	21.066
30.250	21.093
30.302	21.120
30.353	21.148
30.405	21.176
30.457	21.204
30.508	21.232
30.560	21.261
30.612	21.290
30.663	21.319
30.715	21.349
30.766	21.378
30.818	21.408
30.869	21.438
30.920	21.469
30.971	21.500
31.022	21.531
31.072	21.562
31.122	21.593
31.173	21.625
31.222	21.657
31.272	21.690
31.321	21.722
31.370	21.755
31.419	21.788
31.467	21.822
31.515	21.855
31.563	21.889
31.610	21.924
31.657	21.958
31.703	21.993
31.749	22.028
31.795	22.064
31.840	22.100
31.884	22.136
31.928	22.172
31.972	22.209
32.014	22.246
32.057	22.283
32.098	22.320
32.139	22.358
32.179	22.396
32.219	22.434
32.258	22.473
32.296	22.512
32.334	22.551
32.370	22.591
32.406	22.631
32.441	22.671
32.476	22.711
32.509	22.752
32.542	22.793
32.574	22.834
32.604	22.875
32.634	22.917
32.663	22.959
32.691	23.002
32.718	23.044
32.744	23.087
32.769	23.130
32.793	23.174
32.816	23.218
32.838	23.262
32.859	23.306
32.878	23.351
32.897	23.395
32.914	23.441
32.930	23.486
32.945	23.532
32.959	23.578
32.971	23.624
32.982	23.671
32.992	23.717
33.001	23.765
33.009	23.812
33.015	23.860
33.020	23.907
33.025	23.955
33.028	24.004
33.030	24.052
33.032	24.101
33.032	24.150
33.032	24.199
33.030	24.248
33.028	24.297
33.026	24.347
33.022	24.397
33.018	24.447
33.013	24.497
33.007	24.547
33.001	24.597
32.995	24.648
32.987	24.698
32.980	24.749
32.972	24.799
32.963	24.850
32.954	24.901
32.945	24.952
32.936	25.003
32.926	25.054
32.916	25.105
32.906	25.156
32.895	25.207
32.885	25.258
32.875	25.309
32.864	25.360
32.853	25.411
32.843	25.462
32.832	25.513
32.822	25.564
32.812	25.615
32.801	25.666
32.791	25.717
32.781	25.767
32.771	25.818
32.761	25.868
32.750	25.918
32.740	25.968
32.729	26.018
32.718	26.068
32.707	26.117
32.696	26.166
32.685	26.215
32.673	26.263
32.661	26.311
32.648	26.359
32.635	26.407
32.622	26.454
32.608	26.500
32.594	26.547
32.579	26.593
32.564	26.638
32.548	26.683
32.531	26.727
32.514	26.771
32.496	26.814
32.477	26.857
32.458	26.899
32.438	26.941
32.417	26.982
32.395	27.022
32.372	27.062
32.348	27.101
32.324	27.139
32.298	27.176
32.272	27.213
32.244	27.249
32.216	27.285
32.186	27.319
32.155	27.353
32.124	27.386
32.091	27.418
32.058	27.450
32.024	27.481
31.990	27.512
31.954	27.541
31.918	27.571
31.882	27.599
31.845	27.627
31.807	27.655
31.770	27.682
31.731	27.708
31.693	27.734
31.654	27.760
31.615	27.785
31.576	27.809
31.536	27.834
31.497	27.857
31.458	27.881
31.418	27.904
31.379	27.927
31.340	27.949
31.301	27.971
31.262	27.993
31.224	28.014
31.185	28.036
31.148	28.057
31.110	28.077
31.074	28.098
31.037	28.119
31.001	28.139
30.966	28.159
30.932	28.179
30.898	28.199
30.865	28.219
30.832	28.238
30.799	28.258
30.767	28.277
30.735	28.296
30.704	28.315
30.672	28.334
30.641	28.353
30.610	28.371
30.579	28.389
30.547	28.407
30.516	28.425
30.485	28.443
30.453	28.460
30.421	28.477
30.389	28.494
30.356	28.510
30.323	28.527
30.289	28.543
30.255	28.559
30.220	28.574
30.184	28.589
30.148	28.604
30.111	28.619
30.073	28.633
30.035	28.647
29.995	28.661
29.954	28.675
29.912	28.688
29.870	28.700
29.826	28.713
29.782	28.725
29.737	28.736
29.690	28.747
29.644	28.758
29.596	28.768
29.548	28.777
29.499	28.786
29.450	28.795
29.400	28.803
29.349	28.810
29.298	28.816
29.247	28.822
29.195	28.828
29.142	28.832
29.090	28.836
29.037	28.840
28.983	28.842
28.930	28.844
28.876	28.845
28.822	28.845
28.768	28.844
28.714	28.842
28.660	28.840
28.605	28.837
28.551	28.832
28.497	28.827
28.442	28.821
28.388	28.814
28.334	28.806
28.281	28.796
28.227	28.786
28.174	28.775
28.121	28.763
28.068	28.749
28.016	28.734
27.964	28.719
27.912	28.702
27.861	28.684
27.811	28.665
27.760	28.645
27.711	28.623
27.661	28.601
27.612	28.578
27.563	28.554
27.515	28.529
27.467	28.504
27.420	28.477
27.373	28.450
27.327	28.422
27.281	28.393
27.235	28.363
27.190	28.333
27.145	28.302
27.101	28.270
27.057	28.238
27.013	28.205
26.970	28.172
26.928	28.138
26.886	28.104
26.844	28.069
26.803	28.034
26.762	27.998
26.722	27.962
26.682	27.926
26.643	27.889
26.604	27.852
26.566	27.815
26.528	27.778
26.490	27.740
26.453	27.702
26.417	27.664
26.380	27.626
26.345	27.588
26.310	27.550
26.275	27.512
26.241	27.474
26.207	27.436
26.174	27.398
26.141	27.360
26.109	27.322
26.077	27.284
26.046	27.246
26.015	27.208
25.984	27.171
25.954	27.133
25.924	27.095
25.895	27.057
25.866	27.020
25.837	26.982
25.808	26.944
25.780	26.907
25.752	26.869
25.724	26.831
25.697	26.794
25.670	26.756
25.643	26.718
25.616	26.681
25.590	26.643
25.564	26.605
25.537	26.568
25.512	26.530
25.486	26.492
25.460	26.454
25.435	26.416
25.409	26.379
25.384	26.341
25.359	26.303
25.334	26.265
25.309	26.227
25.284	26.189
25.259	26.150
25.234	26.112
25.209	26.074
25.184	26.036
25.159	25.997
25.134	25.959
25.110	25.920
25.085	25.881
25.060	25.843
25.036	25.804
25.012	25.765
24.988	25.725
24.964	25.686
24.940	25.647
24.917	25.607
24.894	25.567
24.871	25.527
24.848	25.487
24.826	25.446
24.804	25.405
24.783	25.364
24.762	25.323
24.741	25.282
24.721	25.240
24.701	25.198
24.682	25.156
24.663	25.113
24.645	25.070
24.628	25.027
24.611	24.983
24.594	24.939
24.578	24.895
24.563	24.851
24.549	24.806
24.535	24.760
24.522	24.715
24.509	24.668
24.498	24.622
24.487	24.575
24.477	24.528
24.467	24.480
24.458	24.432
24.450	24.383
24.443	24.335
24.436	24.286
24.430	24.237
24.424	24.187
24.418	24.138
24.413	24.088
24.408	24.038
24.404	23.989
24.399	23.939
24.395	23.889
24.392	23.839
24.388	23.789
24.384	23.740
24.381	23.690
24.378	23.641
24.374	23.592
24.370	23.543
24.367	23.494
24.363	23.445
24.359	23.397
24.355	23.349
24.350	23.302
24.346	23.255
24.340	23.208
24.335	23.162
24.329	23.116
24.323	23.071
24.316	23.026
24.308	22.982
24.300	22.938
24.291	22.895
24.282	22.853
24.272	22.812
24.261	22.771
24.249	22.731
24.237	22.691
24.224	22.652
24.210	22.614
24.196	22.576
24.181	22.539
24.166	22.502
24.150	22.466
24.133	22.430
24.116	22.395
24.098	22.360
24.080	22.325
24.061	22.291
24.042	22.257
24.022	22.223
24.002	22.189
23.981	22.156
23.961	22.122
23.939	22.089
23.917	22.056
23.895	22.023
23.873	21.990
23.850	21.957
23.827	21.924
23.804	21.891
23.781	21.858
23.757	21.824
23.733	21.791
23.709	21.757
23.684	21.723
23.660	21.689
23.635	21.655
23.611	21.621
23.586	21.586
23.561	21.551
23.537	21.516
23.512	21.481
23.487	21.445
23.463	21.410
23.439	21.374
23.415	21.338
23.392	21.302
23.368	21.266
23.346	21.230
23.323	21.193
23.301	21.157
23.279	21.120
23.258	21.084
23.238	21.047
23.218	21.010
23.199	20.973
23.180	20.936
23.162	20.899
23.145	20.862
23.129	20.825
23.113	20.788
23.099	20.751
23.085	20.714
23.072	20.677
23.060	20.640
23.050	20.603
23.040	20.566
23.031	20.529
23.024	20.492
23.017	20.456
23.011	20.419
23.007	20.382
23.003	20.346
22.999	20.310
22.997	20.274
22.995	20.239
22.993	20.203
22.992	20.168
22.992	20.134
22.992	20.099
22.993	20.065
22.993	20.032
22.994	19.999
22.996	19.966
22.997	19.934
22.999	19.903
23.000	19.872
23.002	19.841
23.003	19.812
23.005	19.783
23.006	19.754
23.007	19.726
23.008	19.699
23.008	19.673
23.008	19.647
23.008	19.622
23.008	19.598
23.008	19.574
23.007	19.551
23.007	19.528
23.006	19.505
23.006	19.483
23.005	19.461
23.005	19.440
23.005	19.419
23.005	19.398
23.005	19.377
23.005	19.356
23.006	19.335
23.007	19.315
23.008	19.294
23.010	19.274
23.012	19.253
23.014	19.232
23.016	19.211
23.018	19.190
23.020	19.168
23.022	19.146
23.023	19.124
23.024	19.101
23.025	19.077
23.025	19.053
23.024	19.028
23.023	19.002
23.021	18.976
23.019	18.949
23.015	18.921
23.010	18.892
23.004	18.862
22.997	18.831
22.990	18.799
22.981	18.767
22.973	18.734
22.964	18.701
22.954	18.667
22.946	18.634
22.937	18.600
22.929	18.567
22.922	18.534
22.916	18.502
22.911	18.471
22.907	18.440
22.905	18.410
22.905	18.381
22.907	18.354
22.911	18.328
22.917	18.304
22.926	18.281
22.938	18.260
22.953	18.241
22.971	18.225
