X	Y
39.458	16.247
39.495	16.214
39.538	16.184
39.588	16.156
39.645	16.131
39.708	16.108
39.776	16.088
39.851	16.070
39.931	16.054
40.017	16.041
40.108	16.030
40.204	16.021
40.305	16.014
40.410	16.009
40.520	16.005
40.635	16.004
40.753	16.004
40.876	16.007
41.002	16.010
41.132	16.016
41.265	16.022
41.402	16.031
41.541	16.040
41.683	16.051
41.828	16.063
41.976	16.076
42.125	16.091
42.277	16.106
42.430	16.122
42.586	16.139
42.743	16.157
42.901	16.176
43.060	16.196
43.220	16.216
43.381	16.236
43.543	16.257
43.705	16.279
43.867	16.301
44.029	16.323
44.191	16.345
44.352	16.368
44.513	16.390
44.674	16.413
44.833	16.435
44.991	16.458
45.148	16.480
45.304	16.502
45.458	16.524
45.611	16.545
45.762	16.567
45.912	16.588
46.061	16.609
46.208	16.630
46.353	16.651
46.498	16.673
46.640	16.694
46.782	16.715
46.922	16.736
47.060	16.757
47.198	16.778
47.333	16.799
47.468	16.821
47.601	16.842
47.732	16.864
47.862	16.886
47.991	16.908
48.118	16.931
48.244	16.953
48.369	16.976
48.492	17.000
48.613	17.023
48.733	17.047
48.852	17.071
48.969	17.096
49.085	17.121
49.200	17.147
49.313	17.173
49.425	17.200
49.535	17.227
49.644	17.255
49.751	17.283
49.857	17.312
49.961	17.341
50.064	17.371
50.166	17.402
50.266	17.433
50.365	17.466
50.463	17.499
50.559	17.532
50.653	17.567
50.746	17.602
50.838	17.638
50.928	17.675
51.017	17.712
51.104	17.751
51.190	17.790
51.274	17.830
51.357	17.871
51.438	17.913
51.517	17.956
51.595	18.000
51.672	18.044
51.746	18.089
51.819	18.136
51.891	18.183
51.960	18.231
52.028	18.279
52.094	18.329
52.159	18.380
52.221	18.431
52.282	18.484
52.341	18.537
52.399	18.591
52.454	18.647
52.508	18.703
52.560	18.760
52.609	18.818
52.657	18.877
52.703	18.937
52.747	18.997
52.789	19.059
52.829	19.122
52.867	19.185
52.903	19.250
52.937	19.315
52.969	19.382
52.999	19.449
53.026	19.517
53.052	19.585
53.075	19.655
53.096	19.725
53.114	19.796
53.130	19.867
53.144	19.939
53.155	20.012
53.164	20.086
53.171	20.160
53.175	20.234
53.177	20.310
53.176	20.385
53.172	20.462
53.166	20.538
53.158	20.615
53.146	20.693
53.132	20.771
53.115	20.850
53.096	20.928
53.074	21.007
53.049	21.087
53.022	21.166
52.993	21.246
52.962	21.325
52.929	21.405
52.894	21.485
52.857	21.564
52.819	21.643
52.779	21.722
52.737	21.801
52.695	21.879
52.651	21.957
52.607	22.034
52.561	22.110
52.515	22.186
52.468	22.262
52.421	22.336
52.373	22.410
52.326	22.482
52.278	22.554
52.230	22.625
52.182	22.694
52.134	22.763
52.087	22.830
52.041	22.896
51.995	22.960
51.950	23.023
51.905	23.085
51.862	23.145
51.820	23.204
51.778	23.261
51.736	23.317
51.695	23.372
51.654	23.426
51.614	23.479
51.572	23.532
51.531	23.583
51.489	23.634
51.446	23.685
51.403	23.735
51.358	23.785
51.312	23.835
51.265	23.884
51.217	23.934
51.166	23.984
51.114	24.034
51.060	24.084
51.004	24.135
50.945	24.186
50.884	24.238
50.820	24.291
50.753	24.345
50.683	24.399
50.610	24.455
50.533	24.512
50.454	24.570
50.372	24.628
50.287	24.687
50.200	24.747
50.111	24.808
50.019	24.869
49.925	24.930
49.829	24.992
49.731	25.053
49.632	25.115
49.531	25.177
49.429	25.239
49.326	25.300
49.222	25.361
49.117	25.422
49.011	25.482
48.904	25.542
48.798	25.601
48.691	25.659
48.584	25.716
48.476	25.773
48.370	25.828
48.263	25.882
48.157	25.935
48.052	25.986
47.947	26.036
47.844	26.084
47.741	26.131
47.640	26.176
47.540	26.219
47.442	26.260
47.346	26.299
47.251	26.336
47.158	26.371
47.068	26.403
46.980	26.433
46.894	26.461
46.811	26.486
46.731	26.508
46.653	26.528
46.577	26.545
46.503	26.560
46.432	26.572
46.361	26.582
46.293	26.590
46.225	26.596
46.159	26.600
46.093	26.602
46.029	26.602
45.965	26.600
45.901	26.597
45.838	26.591
45.775	26.584
45.711	26.576
45.647	26.566
45.583	26.554
45.518	26.541
45.453	26.527
45.386	26.512
45.318	26.495
45.249	26.478
45.178	26.459
45.106	26.439
45.032	26.419
44.957	26.397
44.880	26.375
44.803	26.351
44.724	26.327
44.644	26.302
44.564	26.275
44.483	26.248
44.401	26.221
44.319	26.192
44.237	26.162
44.154	26.132
44.071	26.101
43.988	26.069
43.905	26.037
43.822	26.003
43.740	25.969
43.657	25.934
43.576	25.899
43.495	25.863
43.414	25.826
43.335	25.788
43.256	25.750
43.179	25.711
43.103	25.672
43.028	25.632
42.954	25.591
42.882	25.550
42.811	25.508
42.742	25.466
42.674	25.423
42.608	25.379
42.544	25.335
42.481	25.290
42.419	25.244
42.359	25.198
42.300	25.150
42.242	25.102
42.185	25.052
42.130	25.002
42.075	24.951
42.022	24.898
41.969	24.845
41.918	24.790
41.867	24.734
41.818	24.677
41.769	24.618
41.721	24.558
41.674	24.497
41.627	24.435
41.581	24.370
41.535	24.305
41.490	24.238
41.446	24.169
41.402	24.099
41.358	24.027
41.315	23.953
41.272	23.878
41.229	23.801
41.187	23.723
41.146	23.643
41.105	23.562
41.064	23.479
41.024	23.396
40.984	23.311
40.945	23.225
40.906	23.138
40.868	23.050
40.830	22.962
40.793	22.872
40.757	22.781
40.721	22.690
40.686	22.598
40.651	22.506
40.617	22.413
40.584	22.319
40.552	22.225
40.520	22.131
40.489	22.036
40.459	21.942
40.429	21.847
40.400	21.752
40.372	21.656
40.345	21.561
40.319	21.466
40.293	21.371
40.268	21.276
40.244	21.182
40.222	21.088
40.199	20.994
40.178	20.901
40.158	20.808
40.138	20.716
40.119	20.624
40.101	20.532
40.084	20.441
40.066	20.351
40.050	20.261
40.034	20.172
40.018	20.084
40.003	19.996
39.988	19.909
39.973	19.822
39.959	19.737
39.944	19.652
39.930	19.568
39.916	19.484
39.902	19.402
39.888	19.320
39.874	19.240
39.859	19.160
39.845	19.081
39.830	19.003
39.815	18.926
39.800	18.850
39.784	18.775
39.768	18.701
39.751	18.628
39.734	18.556
39.716	18.486
39.698	18.416
39.679	18.348
39.660	18.281
39.641	18.215
39.622	18.150
39.603	18.087
39.584	18.026
39.565	17.965
39.547	17.906
39.530	17.849
39.513	17.793
39.497	17.739
39.482	17.686
39.468	17.635
39.455	17.586
39.444	17.538
39.434	17.492
39.425	17.448
39.419	17.406
39.414	17.365
39.411	17.327
39.409	17.290
39.409	17.255
39.410	17.220
39.412	17.186
39.414	17.153
39.416	17.119
39.417	17.085
39.419	17.051
39.419	17.016
39.418	16.979
39.416	16.941
39.411	16.901
39.405	16.859
39.398	16.816
39.390	16.771
39.382	16.725
39.375	16.679
39.369	16.632
39.364	16.586
39.362	16.539
39.362	16.493
39.366	16.448
39.374	16.404
39.387	16.362
39.404	16.322
39.428	16.283
39.458	16.247
