X	Y
4012.000	2470.000
4015.950	2467.282
4020.505	2464.869
4025.646	2462.750
4031.354	2460.916
4037.610	2459.357
4044.396	2458.064
4051.691	2457.028
4059.478	2456.239
4067.738	2455.687
4076.450	2455.364
4085.597	2455.258
4095.160	2455.362
4105.120	2455.665
4115.457	2456.157
4126.152	2456.831
4137.188	2457.675
4148.544	2458.680
4160.203	2459.837
4172.144	2461.136
4184.350	2462.569
4196.800	2464.124
4209.477	2465.793
4222.360	2467.567
4235.433	2469.435
4248.674	2471.388
4262.065	2473.417
4275.589	2475.512
4289.225	2477.664
4302.954	2479.863
4316.757	2482.100
4330.617	2484.364
4344.513	2486.647
4358.428	2488.940
4372.340	2491.232
4386.233	2493.514
4400.087	2495.776
4413.883	2498.010
4427.602	2500.204
4441.225	2502.351
4454.733	2504.441
4468.108	2506.463
4481.330	2508.409
4494.381	2510.268
4507.240	2512.032
4519.895	2513.694
4532.345	2515.255
4544.595	2516.719
4556.650	2518.092
4568.515	2519.378
4580.194	2520.581
4591.691	2521.705
4603.012	2522.755
4614.161	2523.735
4625.142	2524.650
4635.961	2525.504
4646.622	2526.301
4657.128	2527.046
4667.487	2527.743
4677.701	2528.396
4687.775	2529.010
4697.714	2529.590
4707.523	2530.139
4717.207	2530.662
4726.769	2531.164
4736.215	2531.648
4745.549	2532.120
4754.775	2532.583
4763.899	2533.042
4772.926	2533.501
4781.858	2533.965
4790.703	2534.438
4799.463	2534.925
4808.144	2535.429
4816.750	2535.955
4825.285	2536.509
4833.755	2537.093
4842.165	2537.712
4850.518	2538.371
4858.819	2539.075
4867.073	2539.826
4875.285	2540.631
4883.459	2541.493
4891.600	2542.417
4899.711	2543.404
4907.795	2544.454
4915.853	2545.565
4923.887	2546.737
4931.900	2547.970
4939.894	2549.261
4947.869	2550.610
4955.829	2552.016
4963.776	2553.478
4971.711	2554.995
4979.637	2556.566
4987.555	2558.190
4995.468	2559.866
5003.378	2561.594
5011.286	2563.372
5019.195	2565.199
5027.106	2567.075
5035.022	2568.998
5042.945	2570.967
5050.877	2572.982
5058.820	2575.042
5066.775	2577.145
5074.745	2579.291
5082.732	2581.478
5090.738	2583.706
5098.765	2585.973
5106.814	2588.280
5114.889	2590.624
5122.990	2593.006
5131.121	2595.423
5139.282	2597.875
5147.476	2600.361
5155.700	2602.878
5163.948	2605.422
5172.212	2607.989
5180.487	2610.574
5188.765	2613.174
5197.038	2615.783
5205.302	2618.398
5213.548	2621.014
5221.771	2623.627
5229.962	2626.233
5238.116	2628.827
5246.227	2631.406
5254.286	2633.964
5262.287	2636.498
5270.224	2639.003
5278.089	2641.476
5285.876	2643.911
5293.579	2646.305
5301.189	2648.653
5308.702	2650.951
5316.109	2653.195
5323.405	2655.380
5330.581	2657.502
5337.632	2659.558
5344.551	2661.542
5351.331	2663.450
5357.965	2665.278
5364.447	2667.022
5370.770	2668.677
5376.926	2670.240
5382.909	2671.706
5388.710	2673.086
5394.316	2674.403
5399.716	2675.681
5404.897	2676.947
5409.847	2678.222
5414.554	2679.534
5419.006	2680.906
5423.190	2682.362
5427.095	2683.927
5430.708	2685.626
5434.016	2687.483
5437.009	2689.522
5439.674	2691.769
5441.998	2694.248
5443.969	2696.983
5445.576	2699.999
5446.809	2703.317
5447.692	2706.929
5448.273	2710.806
5448.597	2714.920
5448.709	2719.243
5448.656	2723.746
5448.483	2728.402
5448.237	2733.182
5447.963	2738.057
5447.707	2743.000
5447.516	2747.982
5447.434	2752.976
5447.509	2757.952
5447.786	2762.882
5448.310	2767.739
5449.129	2772.493
5450.287	2777.118
5451.831	2781.583
5453.795	2785.868
5456.154	2789.977
5458.862	2793.929
5461.875	2797.738
5465.145	2801.422
5468.627	2804.997
5472.277	2808.479
5476.049	2811.884
5479.896	2815.229
5483.773	2818.531
5487.636	2821.806
5491.438	2825.070
5495.133	2828.339
5498.677	2831.631
5502.023	2834.960
5505.127	2838.344
5507.942	2841.800
5510.423	2845.343
5512.524	2848.990
5514.219	2852.742
5515.511	2856.576
5516.410	2860.465
5516.925	2864.382
5517.062	2868.301
5516.833	2872.193
5516.245	2876.033
5515.306	2879.793
5514.025	2883.446
5512.411	2886.967
5510.473	2890.327
5508.219	2893.500
5505.657	2896.458
5502.796	2899.177
5499.652	2901.638
5496.264	2903.867
5492.675	2905.892
5488.927	2907.745
5485.064	2909.456
5481.130	2911.055
5477.168	2912.573
5473.220	2914.041
5469.331	2915.487
5465.543	2916.945
5461.899	2918.442
5458.444	2920.011
5455.220	2921.682
5452.270	2923.484
5449.638	2925.449
5447.361	2927.605
5445.438	2929.957
5443.840	2932.500
5442.542	2935.229
5441.518	2938.136
5440.739	2941.218
5440.181	2944.467
5439.815	2947.879
5439.616	2951.447
5439.558	2955.166
5439.612	2959.030
5439.754	2963.033
5439.956	2967.170
5440.192	2971.433
5440.449	2975.803
5440.716	2980.258
5440.982	2984.773
5441.238	2989.325
5441.472	2993.891
5441.675	2998.447
5441.836	3002.969
5441.945	3007.434
5441.992	3011.818
5441.965	3016.098
5441.856	3020.250
5441.654	3024.251
5441.348	3028.077
5440.927	3031.705
5440.382	3035.110
5439.703	3038.271
5438.877	3041.172
5437.892	3043.812
5436.732	3046.191
5435.386	3048.307
5433.839	3050.159
5432.077	3051.747
5430.087	3053.069
5427.855	3054.124
5425.369	3054.911
5422.617	3055.434
5419.616	3055.721
5416.393	3055.811
5412.971	3055.740
5409.377	3055.547
5405.637	3055.270
5401.776	3054.947
5397.820	3054.617
5393.794	3054.316
5389.724	3054.084
5385.635	3053.958
5381.553	3053.976
5377.504	3054.177
5373.513	3054.597
5369.605	3055.276
5365.802	3056.231
5362.117	3057.454
5358.562	3058.933
5355.149	3060.657
5351.893	3062.615
5348.805	3064.796
5345.898	3067.188
5343.186	3069.781
5340.680	3072.563
5338.394	3075.524
5336.340	3078.651
5334.531	3081.934
5332.979	3085.362
5331.699	3088.923
5330.690	3092.603
5329.931	3096.385
5329.399	3100.250
5329.070	3104.178
5328.921	3108.151
5328.929	3112.150
5329.068	3116.156
5329.316	3120.150
5329.649	3124.114
5330.044	3128.028
5330.478	3131.873
5330.925	3135.631
5331.363	3139.283
5331.768	3142.810
5332.117	3146.193
5332.376	3149.410
5332.501	3152.436
5332.444	3155.246
5332.159	3157.813
5331.600	3160.112
5330.719	3162.116
5329.470	3163.801
5327.807	3165.141
5325.682	3166.109
5323.075	3166.701
5320.032	3166.970
5316.608	3166.975
5312.861	3166.777
5308.847	3166.439
5304.624	3166.020
5300.247	3165.582
5295.773	3165.186
5291.261	3164.892
5286.766	3164.761
5282.344	3164.856
5278.053	3165.236
5273.950	3165.962
5270.090	3167.097
5266.532	3168.699
5263.324	3170.821
5260.468	3173.441
5257.946	3176.513
5255.741	3179.989
5253.836	3183.822
5252.212	3187.964
5250.853	3192.367
5249.740	3196.985
5248.857	3201.768
5248.186	3206.671
5247.708	3211.645
5247.408	3216.643
5247.267	3221.617
5247.267	3226.521
5247.391	3231.305
5247.622	3235.923
5247.942	3240.328
5248.333	3244.478
5248.766	3248.379
5249.209	3252.053
5249.633	3255.524
5250.005	3258.814
5250.293	3261.947
5250.468	3264.945
5250.496	3267.831
5250.347	3270.628
5249.990	3273.360
5249.392	3276.049
5248.523	3278.717
5247.353	3281.388
5245.876	3284.059
5244.109	3286.706
5242.072	3289.305
5239.783	3291.831
5237.261	3294.259
5234.524	3296.564
5231.592	3298.722
5228.483	3300.707
5225.217	3302.495
5221.811	3304.061
5218.285	3305.381
5214.656	3306.429
5210.945	3307.181
5207.178	3307.644
5203.391	3307.880
5199.625	3307.958
5195.918	3307.946
5192.312	3307.911
5188.845	3307.923
5185.557	3308.048
5182.486	3308.356
5179.674	3308.914
5177.159	3309.791
5174.980	3311.055
5173.179	3312.774
5171.782	3315.001
5170.763	3317.707
5170.074	3320.834
5169.666	3324.324
5169.492	3328.117
5169.503	3332.156
5169.651	3336.382
5169.889	3340.737
5170.167	3345.162
5170.439	3349.600
5170.656	3353.991
5170.771	3358.278
5170.733	3362.402
5170.497	3366.304
5170.013	3369.927
5169.244	3373.224
5168.188	3376.208
5166.859	3378.906
5165.267	3381.342
5163.422	3383.545
5161.337	3385.539
5159.021	3387.353
5156.487	3389.011
5153.746	3390.541
5150.808	3391.969
5147.685	3393.321
5144.387	3394.624
5140.929	3395.894
5137.323	3397.137
5133.587	3398.360
5129.733	3399.567
5125.777	3400.767
5121.734	3401.963
5117.618	3403.163
5113.444	3404.372
5109.228	3405.596
5104.983	3406.841
5100.726	3408.114
5096.469	3409.419
5092.229	3410.764
5088.020	3412.154
5083.856	3413.595
5079.753	3415.093
5075.729	3416.654
5071.811	3418.288
5068.027	3420.003
5064.410	3421.808
5060.988	3423.712
5057.791	3425.724
5054.849	3427.854
5052.190	3430.109
5049.847	3432.500
5047.847	3435.034
5046.220	3437.721
5044.996	3440.571
5044.206	3443.591
5043.875	3446.790
5043.973	3450.150
5044.421	3453.631
5045.138	3457.194
5046.042	3460.799
5047.052	3464.404
5048.086	3467.971
5049.064	3471.459
5049.904	3474.829
5050.525	3478.038
5050.846	3481.049
5050.784	3483.820
5050.260	3486.312
5049.199	3488.488
5047.600	3490.348
5045.507	3491.913
5042.963	3493.207
5040.014	3494.250
5036.702	3495.065
5033.071	3495.675
5029.165	3496.100
5025.028	3496.363
5020.705	3496.487
5016.238	3496.492
5011.672	3496.402
5007.050	3496.237
5002.417	3496.021
4997.810	3495.774
4993.232	3495.507
4988.680	3495.229
4984.144	3494.950
4979.620	3494.677
4975.100	3494.421
4970.578	3494.191
4966.048	3493.994
4961.503	3493.840
4956.938	3493.739
4952.345	3493.698
4947.717	3493.728
4943.050	3493.836
4938.335	3494.032
4933.567	3494.325
4928.739	3494.724
4923.846	3495.238
4918.879	3495.875
4913.834	3496.643
4908.711	3497.537
4903.510	3498.548
4898.234	3499.667
4892.884	3500.882
4887.461	3502.185
4881.968	3503.567
4876.406	3505.017
4870.776	3506.526
4865.082	3508.084
4859.322	3509.682
4853.501	3511.310
4847.619	3512.958
4841.677	3514.617
4835.678	3516.277
4829.624	3517.929
4823.515	3519.563
4817.353	3521.169
4811.141	3522.738
4804.879	3524.260
4798.570	3525.725
4792.214	3527.124
4785.815	3528.447
4779.373	3529.685
4772.889	3530.835
4766.364	3531.899
4759.800	3532.880
4753.196	3533.780
4746.554	3534.602
4739.875	3535.347
4733.159	3536.019
4726.407	3536.620
4719.620	3537.153
4712.799	3537.619
4705.944	3538.022
4699.057	3538.363
4692.137	3538.646
4685.187	3538.873
4678.207	3539.045
4671.197	3539.167
4664.158	3539.239
4657.092	3539.265
4649.999	3539.248
4642.879	3539.188
4635.734	3539.090
4628.564	3538.955
4621.371	3538.786
4614.155	3538.586
4606.917	3538.356
4599.656	3538.100
4592.376	3537.819
4585.077	3537.516
4577.760	3537.189
4570.427	3536.842
4563.080	3536.474
4555.721	3536.084
4548.351	3535.676
4540.973	3535.248
4533.586	3534.802
4526.195	3534.338
4518.800	3533.857
4511.402	3533.360
4504.004	3532.846
4496.608	3532.317
4489.214	3531.774
4481.826	3531.217
4474.443	3530.647
4467.069	3530.063
4459.705	3529.469
4452.352	3528.862
4445.012	3528.245
4437.688	3527.617
4430.380	3526.981
4423.090	3526.335
4415.821	3525.682
4408.573	3525.020
4401.349	3524.352
4394.150	3523.678
4386.978	3522.998
4379.835	3522.311
4372.726	3521.604
4365.654	3520.865
4358.626	3520.079
4351.646	3519.232
4344.719	3518.310
4337.849	3517.299
4331.042	3516.186
4324.301	3514.955
4317.633	3513.594
4311.042	3512.088
4304.532	3510.424
4298.109	3508.586
4291.777	3506.562
4285.542	3504.338
4279.407	3501.898
4273.379	3499.231
4267.460	3496.320
4261.658	3493.154
4255.976	3489.716
4250.418	3485.994
4244.991	3481.974
4239.698	3477.641
4234.545	3472.982
4229.537	3467.982
4224.678	3462.628
4219.971	3456.911
4215.412	3450.839
4210.998	3444.425
4206.723	3437.679
4202.583	3430.615
4198.573	3423.243
4194.688	3415.576
4190.925	3407.626
4187.277	3399.404
4183.742	3390.923
4180.312	3382.194
4176.985	3373.230
4173.756	3364.041
4170.620	3354.641
4167.571	3345.040
4164.606	3335.251
4161.721	3325.286
4158.909	3315.156
4156.167	3304.875
4153.490	3294.452
4150.873	3283.900
4148.312	3273.232
4145.802	3262.459
4143.338	3251.593
4140.916	3240.646
4138.530	3229.629
4136.177	3218.555
4133.852	3207.435
4131.549	3196.282
4129.266	3185.107
4126.995	3173.923
4124.734	3162.740
4122.477	3151.572
4120.220	3140.429
4117.958	3129.325
4115.686	3118.270
4113.400	3107.276
4111.095	3096.356
4108.767	3085.521
4106.411	3074.783
4104.026	3064.146
4101.615	3053.612
4099.180	3043.182
4096.722	3032.855
4094.245	3022.634
4091.749	3012.518
4089.237	3002.509
4086.711	2992.608
4084.173	2982.815
4081.625	2973.131
4079.069	2963.557
4076.507	2954.094
4073.942	2944.742
4071.374	2935.503
4068.807	2926.378
4066.242	2917.366
4063.681	2908.470
4061.127	2899.689
4058.582	2891.025
4056.046	2882.479
4053.523	2874.050
4051.015	2865.741
4048.523	2857.552
4046.051	2849.484
4043.598	2841.537
4041.168	2833.712
4038.764	2826.011
4036.386	2818.435
4034.037	2810.983
4031.718	2803.656
4029.433	2796.457
4027.183	2789.385
4024.969	2782.441
4022.795	2775.626
4020.662	2768.941
4018.573	2762.385
4016.533	2755.954
4014.547	2749.642
4012.620	2743.444
4010.757	2737.354
4008.964	2731.366
4007.246	2725.477
4005.608	2719.680
4004.055	2713.970
4002.592	2708.341
4001.225	2702.789
3999.958	2697.307
3998.797	2691.892
3997.748	2686.536
3996.814	2681.235
3996.002	2675.984
3995.317	2670.776
3994.763	2665.608
3994.347	2660.473
3994.072	2655.366
3993.945	2650.282
3993.971	2645.215
3994.152	2640.161
3994.480	2635.126
3994.938	2630.119
3995.508	2625.150
3996.176	2620.230
3996.923	2615.369
3997.733	2610.575
3998.591	2605.861
3999.478	2601.235
4000.379	2596.707
4001.277	2592.288
4002.156	2587.988
4002.998	2583.816
4003.787	2579.783
4004.507	2575.899
4005.140	2572.174
4005.671	2568.617
4006.083	2565.239
4006.367	2562.036
4006.526	2558.977
4006.567	2556.027
4006.498	2553.151
4006.324	2550.316
4006.052	2547.485
4005.688	2544.625
4005.240	2541.701
4004.713	2538.678
4004.114	2535.521
4003.449	2532.196
4002.726	2528.669
4001.966	2524.933
4001.211	2521.020
4000.506	2516.965
3999.895	2512.803
3999.422	2508.570
3999.131	2504.300
3999.066	2500.029
3999.272	2495.791
3999.793	2491.621
4000.673	2487.554
4001.956	2483.626
4003.686	2479.872
4005.907	2476.326
4008.664	2473.024
4012.000	2470.000
