X	Y
39.056	14.507
39.078	14.455
39.103	14.404
39.130	14.354
39.160	14.305
39.193	14.255
39.229	14.207
39.268	14.158
39.309	14.110
39.352	14.062
39.399	14.014
39.447	13.967
39.499	13.919
39.553	13.872
39.609	13.824
39.667	13.777
39.729	13.729
39.792	13.681
39.858	13.633
39.926	13.584
39.996	13.535
40.068	13.486
40.143	13.436
40.219	13.386
40.298	13.335
40.379	13.283
40.462	13.231
40.547	13.178
40.633	13.124
40.722	13.069
40.813	13.014
40.905	12.957
40.999	12.900
41.095	12.842
41.193	12.783
41.292	12.723
41.393	12.663
41.496	12.601
41.600	12.539
41.706	12.477
41.813	12.413
41.921	12.349
42.031	12.285
42.142	12.220
42.255	12.154
42.369	12.087
42.483	12.020
42.599	11.953
42.717	11.885
42.835	11.817
42.954	11.748
43.074	11.679
43.196	11.609
43.318	11.539
43.441	11.469
43.565	11.398
43.689	11.327
43.814	11.256
43.940	11.184
44.067	11.113
44.194	11.041
44.322	10.968
44.451	10.896
44.579	10.824
44.709	10.751
44.838	10.678
44.968	10.606
45.099	10.533
45.229	10.460
45.360	10.387
45.491	10.314
45.622	10.242
45.753	10.169
45.884	10.096
46.016	10.024
46.147	9.951
46.278	9.879
46.409	9.807
46.540	9.735
46.671	9.664
46.801	9.593
46.931	9.521
47.061	9.451
47.190	9.380
47.319	9.310
47.448	9.240
47.576	9.171
47.704	9.102
47.831	9.034
47.958	8.966
48.084	8.898
48.210	8.831
48.335	8.764
48.460	8.698
48.584	8.633
48.707	8.568
48.830	8.504
48.952	8.440
49.073	8.377
49.194	8.315
49.313	8.254
49.432	8.193
49.551	8.133
49.668	8.073
49.785	8.015
49.900	7.957
50.015	7.900
50.129	7.844
50.242	7.789
50.354	7.735
50.465	7.682
50.575	7.629
50.684	7.578
50.791	7.527
50.898	7.478
51.004	7.430
51.108	7.382
51.212	7.336
51.314	7.291
51.415	7.247
51.515	7.205
51.613	7.163
51.711	7.123
51.807	7.083
51.901	7.045
51.995	7.009
52.087	6.973
52.177	6.939
52.267	6.906
52.354	6.875
52.441	6.845
52.526	6.816
52.609	6.789
52.691	6.764
52.772	6.740
52.852	6.717
52.931	6.696
53.008	6.677
53.084	6.659
53.159	6.643
53.234	6.629
53.307	6.617
53.379	6.607
53.450	6.598
53.521	6.592
53.591	6.587
53.660	6.585
53.728	6.584
53.796	6.586
53.863	6.590
53.929	6.595
53.995	6.604
54.061	6.614
54.126	6.627
54.190	6.642
54.254	6.659
54.318	6.679
54.382	6.701
54.445	6.726
54.509	6.753
54.571	6.783
54.634	6.815
54.695	6.849
54.757	6.885
54.817	6.924
54.877	6.965
54.936	7.009
54.995	7.054
55.052	7.102
55.109	7.151
55.164	7.203
55.219	7.257
55.272	7.313
55.324	7.370
55.375	7.430
55.425	7.491
55.473	7.555
55.520	7.620
55.565	7.687
55.609	7.755
55.651	7.826
55.691	7.898
55.730	7.972
55.767	8.047
55.802	8.124
55.835	8.202
55.866	8.282
55.895	8.363
55.922	8.446
55.948	8.530
55.971	8.615
55.993	8.701
56.013	8.789
56.031	8.877
56.048	8.966
56.063	9.056
56.076	9.146
56.088	9.237
56.099	9.329
56.108	9.421
56.115	9.514
56.122	9.606
56.127	9.699
56.131	9.792
56.134	9.886
56.135	9.979
56.136	10.072
56.135	10.164
56.134	10.257
56.131	10.349
56.128	10.441
56.124	10.532
56.119	10.623
56.113	10.712
56.106	10.802
56.099	10.890
56.091	10.977
56.083	11.064
56.074	11.149
56.064	11.233
56.054	11.316
56.044	11.397
56.033	11.478
56.022	11.558
56.010	11.636
55.997	11.714
55.984	11.791
55.970	11.867
55.956	11.943
55.941	12.019
55.925	12.094
55.908	12.168
55.890	12.243
55.872	12.317
55.853	12.392
55.832	12.466
55.811	12.541
55.789	12.616
55.766	12.691
55.741	12.766
55.716	12.843
55.689	12.920
55.662	12.997
55.633	13.075
55.603	13.155
55.572	13.235
55.539	13.316
55.505	13.399
55.470	13.482
55.433	13.568
55.395	13.654
55.355	13.742
55.314	13.831
55.272	13.922
55.229	14.014
55.184	14.106
55.137	14.200
55.090	14.294
55.041	14.389
54.992	14.484
54.941	14.579
54.889	14.674
54.836	14.769
54.782	14.864
54.727	14.958
54.671	15.052
54.615	15.145
54.557	15.237
54.499	15.328
54.440	15.418
54.380	15.507
54.320	15.594
54.259	15.680
54.197	15.764
54.135	15.846
54.072	15.925
54.009	16.003
53.945	16.078
53.881	16.151
53.817	16.221
53.753	16.288
53.688	16.352
53.622	16.414
53.557	16.471
53.492	16.526
53.426	16.577
53.360	16.624
53.294	16.667
53.229	16.706
53.163	16.741
53.098	16.773
53.032	16.801
52.968	16.826
52.903	16.848
52.840	16.868
52.777	16.885
52.715	16.901
52.654	16.915
52.594	16.928
52.535	16.940
52.478	16.951
52.422	16.962
52.367	16.972
52.315	16.984
52.264	16.995
52.215	17.008
52.167	17.022
52.123	17.037
52.080	17.054
52.040	17.073
52.002	17.095
51.966	17.119
51.933	17.146
51.902	17.175
51.872	17.206
51.844	17.238
51.816	17.272
51.789	17.307
51.761	17.343
51.733	17.379
51.705	17.416
51.675	17.452
51.644	17.489
51.611	17.524
51.576	17.559
51.538	17.593
51.498	17.625
51.454	17.655
51.406	17.684
51.355	17.710
51.299	17.734
51.240	17.757
51.178	17.777
51.112	17.795
51.042	17.812
50.970	17.827
50.894	17.840
50.815	17.852
50.733	17.862
50.648	17.870
50.561	17.878
50.471	17.883
50.379	17.888
50.284	17.891
50.187	17.894
50.088	17.895
49.986	17.895
49.883	17.895
49.778	17.893
49.671	17.891
49.563	17.888
49.453	17.884
49.342	17.880
49.229	17.876
49.116	17.871
49.001	17.865
48.885	17.859
48.769	17.853
48.651	17.847
48.534	17.841
48.415	17.835
48.296	17.829
48.177	17.823
48.058	17.817
47.939	17.812
47.819	17.806
47.700	17.802
47.581	17.797
47.462	17.793
47.343	17.789
47.225	17.785
47.106	17.782
46.988	17.778
46.870	17.775
46.753	17.772
46.635	17.769
46.518	17.767
46.401	17.764
46.285	17.761
46.169	17.759
46.053	17.756
45.938	17.753
45.823	17.750
45.708	17.748
45.594	17.745
45.481	17.741
45.368	17.738
45.255	17.735
45.144	17.731
45.032	17.727
44.921	17.723
44.811	17.718
44.702	17.713
44.593	17.708
44.485	17.703
44.377	17.697
44.270	17.690
44.164	17.683
44.059	17.676
43.954	17.668
43.851	17.660
43.748	17.651
43.645	17.642
43.544	17.631
43.444	17.621
43.344	17.609
43.246	17.597
43.148	17.585
43.051	17.571
42.956	17.557
42.861	17.542
42.767	17.526
42.674	17.510
42.582	17.493
42.491	17.475
42.400	17.457
42.311	17.438
42.223	17.418
42.135	17.398
42.048	17.377
41.963	17.356
41.878	17.334
41.793	17.311
41.710	17.288
41.628	17.264
41.546	17.240
41.465	17.215
41.385	17.190
41.306	17.164
41.228	17.138
41.150	17.111
41.073	17.083
40.997	17.056
40.922	17.027
40.848	16.999
40.774	16.969
40.701	16.940
40.629	16.910
40.557	16.879
40.486	16.848
40.416	16.817
40.347	16.785
40.279	16.753
40.211	16.721
40.144	16.688
40.079	16.655
40.015	16.621
39.952	16.587
39.890	16.553
39.829	16.518
39.771	16.482
39.713	16.447
39.658	16.410
39.604	16.374
39.552	16.337
39.502	16.299
39.453	16.261
39.407	16.223
39.363	16.184
39.322	16.145
39.282	16.105
39.245	16.064
39.211	16.024
39.179	15.982
39.149	15.941
39.123	15.898
39.099	15.856
39.077	15.813
39.058	15.771
39.041	15.729
39.026	15.688
39.014	15.648
39.003	15.610
38.993	15.572
38.986	15.537
38.980	15.503
38.975	15.472
38.971	15.444
38.968	15.418
38.967	15.395
38.966	15.375
38.966	15.357
38.966	15.341
38.966	15.324
38.967	15.306
38.967	15.287
38.967	15.264
38.967	15.238
38.966	15.208
38.965	15.174
38.964	15.138
38.964	15.099
38.964	15.057
38.965	15.013
38.967	14.967
38.970	14.919
38.974	14.870
38.979	14.820
38.987	14.768
38.996	14.716
39.007	14.664
39.021	14.611
39.037	14.559
39.056	14.507
