X	Y
3978.000	2184.000
3980.493	2179.641
3983.310	2175.207
3986.442	2170.700
3989.880	2166.126
3993.616	2161.487
3997.640	2156.786
4001.943	2152.029
4006.518	2147.217
4011.354	2142.355
4016.444	2137.447
4021.777	2132.495
4027.346	2127.504
4033.142	2122.478
4039.156	2117.419
4045.378	2112.332
4051.801	2107.219
4058.415	2102.085
4065.211	2096.934
4072.181	2091.769
4079.315	2086.593
4086.605	2081.410
4094.043	2076.223
4101.619	2071.038
4109.323	2065.855
4117.149	2060.681
4125.086	2055.518
4133.126	2050.370
4141.260	2045.240
4149.479	2040.131
4157.775	2035.049
4166.138	2029.996
4174.560	2024.975
4183.031	2019.991
4191.543	2015.048
4200.088	2010.147
4208.656	2005.294
4217.238	2000.492
4225.826	1995.745
4234.411	1991.055
4242.983	1986.428
4251.535	1981.865
4260.057	1977.372
4268.541	1972.951
4276.977	1968.606
4285.356	1964.342
4293.671	1960.160
4301.917	1956.062
4310.099	1952.045
4318.218	1948.106
4326.279	1944.240
4334.285	1940.446
4342.238	1936.719
4350.143	1933.057
4358.003	1929.456
4365.821	1925.914
4373.600	1922.426
4381.344	1918.989
4389.056	1915.601
4396.740	1912.258
4404.398	1908.957
4412.034	1905.694
4419.652	1902.467
4427.254	1899.271
4434.845	1896.105
4442.427	1892.964
4450.003	1889.845
4457.578	1886.746
4465.153	1883.662
4472.734	1880.591
4480.323	1877.530
4487.923	1874.474
4495.537	1871.422
4503.170	1868.369
4510.824	1865.312
4518.502	1862.249
4526.209	1859.176
4533.947	1856.089
4541.720	1852.985
4549.531	1849.862
4557.383	1846.716
4565.279	1843.543
4573.224	1840.341
4581.220	1837.106
4589.271	1833.836
4597.379	1830.525
4605.549	1827.173
4613.784	1823.774
4622.086	1820.327
4630.460	1816.827
4638.908	1813.272
4647.435	1809.658
4656.042	1805.982
4664.733	1802.242
4673.507	1798.438
4682.361	1794.574
4691.292	1790.651
4700.300	1786.671
4709.380	1782.636
4718.532	1778.549
4727.753	1774.412
4737.041	1770.226
4746.393	1765.994
4755.807	1761.718
4765.281	1757.400
4774.812	1753.042
4784.400	1748.646
4794.041	1744.214
4803.732	1739.750
4813.473	1735.253
4823.260	1730.728
4833.092	1726.175
4842.965	1721.597
4852.879	1716.996
4862.830	1712.374
4872.816	1707.733
4882.836	1703.076
4892.887	1698.404
4902.966	1693.720
4913.072	1689.026
4923.202	1684.323
4933.354	1679.614
4943.525	1674.901
4953.714	1670.187
4963.919	1665.473
4974.136	1660.760
4984.364	1656.053
4994.602	1651.352
5004.845	1646.660
5015.092	1641.978
5025.341	1637.309
5035.590	1632.656
5045.836	1628.019
5056.077	1623.402
5066.312	1618.806
5076.536	1614.234
5086.750	1609.687
5096.949	1605.168
5107.133	1600.678
5117.298	1596.221
5127.442	1591.797
5137.564	1587.410
5147.662	1583.061
5157.731	1578.752
5167.771	1574.486
5177.780	1570.264
5187.755	1566.089
5197.694	1561.963
5207.594	1557.887
5217.454	1553.865
5227.271	1549.897
5237.042	1545.987
5246.768	1542.136
5256.448	1538.342
5266.084	1534.608
5275.675	1530.931
5285.222	1527.314
5294.726	1523.755
5304.186	1520.256
5313.604	1516.816
5322.980	1513.435
5332.315	1510.113
5341.608	1506.850
5350.861	1503.648
5360.074	1500.505
5369.248	1497.422
5378.382	1494.398
5387.478	1491.435
5396.536	1488.532
5405.556	1485.689
5414.539	1482.907
5423.486	1480.185
5432.396	1477.523
5441.271	1474.923
5450.110	1472.383
5458.916	1469.904
5467.687	1467.487
5476.423	1465.130
5485.127	1462.835
5493.799	1460.601
5502.438	1458.429
5511.045	1456.318
5519.621	1454.270
5528.167	1452.283
5536.682	1450.358
5545.167	1448.495
5553.624	1446.695
5562.051	1444.956
5570.451	1443.281
5578.822	1441.667
5587.166	1440.117
5595.483	1438.629
5603.775	1437.205
5612.040	1435.843
5620.280	1434.544
5628.495	1433.309
5636.686	1432.137
5644.853	1431.029
5652.996	1429.984
5661.117	1429.003
5669.215	1428.086
5677.290	1427.233
5685.333	1426.448
5693.333	1425.737
5701.278	1425.103
5709.157	1424.551
5716.960	1424.086
5724.674	1423.712
5732.289	1423.435
5739.792	1423.259
5747.174	1423.188
5754.422	1423.228
5761.526	1423.382
5768.474	1423.657
5775.255	1424.055
5781.858	1424.583
5788.271	1425.244
5794.483	1426.043
5800.483	1426.985
5806.260	1428.076
5811.802	1429.318
5817.099	1430.717
5822.138	1432.279
5826.909	1434.006
5831.400	1435.905
5835.600	1437.979
5839.499	1440.234
5843.083	1442.674
5846.344	1445.303
5849.268	1448.127
5851.845	1451.150
5854.063	1454.377
5855.913	1457.812
5857.387	1461.458
5858.509	1465.299
5859.311	1469.317
5859.823	1473.495
5860.077	1477.813
5860.104	1482.254
5859.936	1486.798
5859.604	1491.428
5859.138	1496.125
5858.571	1500.870
5857.933	1505.646
5857.256	1510.433
5856.570	1515.214
5855.909	1519.969
5855.301	1524.681
5854.780	1529.331
5854.375	1533.900
5854.120	1538.371
5854.043	1542.725
5854.178	1546.942
5854.554	1551.006
5855.204	1554.897
5856.159	1558.598
5857.449	1562.089
5859.081	1565.367
5861.017	1568.449
5863.219	1571.355
5865.648	1574.106
5868.264	1576.721
5871.027	1579.220
5873.898	1581.623
5876.838	1583.950
5879.807	1586.222
5882.766	1588.457
5885.675	1590.676
5888.495	1592.898
5891.186	1595.145
5893.709	1597.435
5896.025	1599.789
5898.095	1602.226
5899.878	1604.767
5901.335	1607.431
5902.428	1610.238
5903.151	1613.193
5903.538	1616.283
5903.624	1619.495
5903.444	1622.815
5903.035	1626.229
5902.432	1629.726
5901.669	1633.290
5900.784	1636.908
5899.811	1640.567
5898.785	1644.253
5897.744	1647.953
5896.721	1651.653
5895.753	1655.340
5894.875	1659.000
5894.123	1662.620
5893.531	1666.186
5893.137	1669.685
5892.975	1673.104
5893.080	1676.428
5893.459	1679.657
5894.085	1682.801
5894.930	1685.872
5895.965	1688.883
5897.162	1691.846
5898.492	1694.772
5899.927	1697.674
5901.438	1700.564
5902.997	1703.454
5904.575	1706.357
5906.145	1709.283
5907.676	1712.245
5909.142	1715.256
5910.513	1718.327
5911.761	1721.471
5912.857	1724.698
5913.773	1728.023
5914.484	1731.455
5914.983	1734.986
5915.282	1738.601
5915.387	1742.282
5915.309	1746.012
5915.054	1749.774
5914.634	1753.551
5914.055	1757.327
5913.328	1761.084
5912.459	1764.806
5911.460	1768.475
5910.338	1772.074
5909.102	1775.587
5907.761	1778.997
5906.323	1782.286
5904.798	1785.438
5903.193	1788.436
5901.519	1791.262
5899.783	1793.900
5897.995	1796.334
5896.173	1798.573
5894.342	1800.644
5892.526	1802.578
5890.752	1804.403
5889.044	1806.148
5887.428	1807.844
5885.929	1809.518
5884.572	1811.200
5883.383	1812.920
5882.386	1814.706
5881.608	1816.589
5881.073	1818.596
5880.802	1820.754
5880.785	1823.061
5880.995	1825.505
5881.407	1828.072
5881.997	1830.749
5882.738	1833.524
5883.606	1836.383
5884.575	1839.313
5885.621	1842.302
5886.716	1845.335
5887.837	1848.401
5888.958	1851.486
5890.054	1854.577
5891.099	1857.661
5892.067	1860.725
5892.935	1863.756
5893.679	1866.742
5894.289	1869.674
5894.760	1872.544
5895.086	1875.344
5895.264	1878.068
5895.286	1880.707
5895.148	1883.254
5894.845	1885.700
5894.370	1888.039
5893.719	1890.263
5892.887	1892.364
5891.867	1894.335
5890.655	1896.167
5889.246	1897.855
5887.648	1899.407
5885.882	1900.849
5883.967	1902.206
5881.925	1903.504
5879.777	1904.770
5877.543	1906.029
5875.244	1907.306
5872.901	1908.628
5870.535	1910.020
5868.166	1911.509
5865.815	1913.119
5863.503	1914.877
5861.251	1916.809
5859.079	1918.940
5857.004	1921.276
5855.034	1923.804
5853.179	1926.505
5851.449	1929.365
5849.854	1932.367
5848.401	1935.494
5847.101	1938.730
5845.964	1942.059
5844.999	1945.464
5844.214	1948.929
5843.620	1952.439
5843.226	1955.975
5843.042	1959.523
5843.076	1963.065
5843.339	1966.586
5843.839	1970.069
5844.586	1973.497
5845.588	1976.856
5846.832	1980.142
5848.283	1983.365
5849.909	1986.534
5851.674	1989.657
5853.544	1992.745
5855.487	1995.806
5857.467	1998.850
5859.452	2001.886
5861.406	2004.924
5863.296	2007.971
5865.088	2011.039
5866.748	2014.135
5868.241	2017.270
5869.535	2020.452
5870.595	2023.691
5871.386	2026.996
5871.875	2030.376
5872.029	2033.840
5871.815	2037.397
5871.247	2041.041
5870.358	2044.757
5869.188	2048.531
5867.771	2052.347
5866.147	2056.192
5864.352	2060.050
5862.423	2063.907
5860.396	2067.748
5858.310	2071.559
5856.200	2075.324
5854.104	2079.030
5852.060	2082.661
5850.103	2086.203
5848.271	2089.641
5846.602	2092.960
5845.132	2096.146
5843.898	2099.185
5842.938	2102.060
5842.288	2104.759
5841.985	2107.265
5842.047	2109.577
5842.436	2111.725
5843.102	2113.748
5843.996	2115.682
5845.071	2117.566
5846.278	2119.437
5847.567	2121.332
5848.892	2123.289
5850.201	2125.346
5851.446	2127.540
5852.581	2129.909
5853.554	2132.490
5854.319	2135.320
5854.854	2138.402
5855.166	2141.705
5855.263	2145.193
5855.153	2148.832
5854.847	2152.587
5854.352	2156.425
5853.677	2160.309
5852.830	2164.206
5851.821	2168.082
5850.657	2171.900
5849.348	2175.628
5847.902	2179.230
5846.328	2182.672
5844.634	2185.919
5842.829	2188.938
5840.922	2191.691
5838.921	2194.147
5836.835	2196.270
5834.673	2198.028
5832.448	2199.436
5830.178	2200.545
5827.878	2201.403
5825.567	2202.062
5823.260	2202.572
5820.975	2202.983
5818.729	2203.345
5816.538	2203.708
5814.420	2204.124
5812.391	2204.641
5810.469	2205.311
5808.669	2206.183
5807.004	2207.293
5805.475	2208.640
5804.078	2210.219
5802.812	2212.025
5801.677	2214.052
5800.668	2216.296
5799.787	2218.751
5799.029	2221.412
5798.394	2224.273
5797.880	2227.331
5797.485	2230.578
5797.208	2234.010
5797.045	2237.623
5796.998	2241.410
5797.060	2245.365
5797.222	2249.471
5797.466	2253.707
5797.779	2258.053
5798.144	2262.488
5798.545	2266.991
5798.968	2271.541
5799.396	2276.118
5799.814	2280.701
5800.207	2285.269
5800.560	2289.802
5800.855	2294.278
5801.079	2298.677
5801.216	2302.979
5801.249	2307.161
5801.165	2311.205
5800.946	2315.089
5800.578	2318.791
5800.044	2322.293
5799.331	2325.572
5798.421	2328.608
5797.300	2331.380
5795.955	2333.871
5794.393	2336.090
5792.632	2338.059
5790.690	2339.801
5788.588	2341.337
5786.341	2342.691
5783.970	2343.884
5781.491	2344.940
5778.923	2345.880
5776.285	2346.728
5773.595	2347.504
5770.871	2348.233
5768.132	2348.936
5765.395	2349.636
5762.679	2350.354
5759.991	2351.107
5757.328	2351.903
5754.686	2352.750
5752.061	2353.657
5749.449	2354.632
5746.848	2355.683
5744.252	2356.819
5741.659	2358.048
5739.065	2359.379
5736.465	2360.819
5733.857	2362.378
5731.235	2364.063
5728.598	2365.883
5725.940	2367.846
5723.258	2369.961
5720.549	2372.235
5717.817	2374.668
5715.070	2377.250
5712.321	2379.973
5709.579	2382.827
5706.854	2385.804
5704.158	2388.893
5701.500	2392.086
5698.890	2395.375
5696.340	2398.748
5693.858	2402.197
5691.458	2405.714
5689.146	2409.289
5686.936	2412.912
5684.836	2416.574
5682.857	2420.268
5681.011	2423.982
5679.306	2427.708
5677.753	2431.438
5676.363	2435.160
5675.147	2438.868
5674.114	2442.550
5673.270	2446.199
5672.596	2449.812
5672.064	2453.383
5671.646	2456.912
5671.312	2460.396
5671.036	2463.830
5670.787	2467.214
5670.538	2470.544
5670.261	2473.817
5669.926	2477.032
5669.506	2480.184
5668.972	2483.271
5668.296	2486.291
5667.449	2489.241
5666.404	2492.118
5665.130	2494.919
5663.602	2497.642
5661.788	2500.283
5659.670	2502.842
5657.249	2505.319
5654.531	2507.716
5651.522	2510.034
5648.229	2512.276
5644.656	2514.443
5640.811	2516.536
5636.699	2518.558
5632.326	2520.510
5627.698	2522.393
5622.821	2524.209
5617.701	2525.961
5612.345	2527.649
5606.757	2529.276
5600.945	2530.843
5594.914	2532.351
5588.669	2533.802
5582.219	2535.199
5575.567	2536.542
5568.721	2537.834
5561.685	2539.076
5554.467	2540.269
5547.072	2541.416
5539.506	2542.518
5531.775	2543.576
5523.886	2544.593
5515.844	2545.570
5507.654	2546.509
5499.324	2547.411
5490.859	2548.278
5482.266	2549.112
5473.550	2549.914
5464.717	2550.687
5455.772	2551.430
5446.722	2552.147
5437.568	2552.837
5428.314	2553.501
5418.964	2554.140
5409.519	2554.753
5399.984	2555.343
5390.362	2555.908
5380.655	2556.450
5370.867	2556.969
5361.002	2557.466
5351.062	2557.941
5341.050	2558.396
5330.971	2558.830
5320.825	2559.244
5310.618	2559.638
5300.353	2560.014
5290.031	2560.372
5279.658	2560.711
5269.234	2561.034
5258.766	2561.340
5248.253	2561.630
5237.702	2561.905
5227.114	2562.165
5216.492	2562.410
5205.841	2562.642
5195.162	2562.860
5184.459	2563.066
5173.736	2563.260
5162.996	2563.442
5152.241	2563.613
5141.475	2563.774
5130.701	2563.925
5119.922	2564.067
5109.143	2564.200
5098.364	2564.325
5087.590	2564.442
5076.824	2564.553
5066.069	2564.656
5055.329	2564.754
5044.606	2564.847
5033.904	2564.935
5023.226	2565.018
5012.574	2565.098
5001.953	2565.175
4991.366	2565.249
4980.814	2565.322
4970.303	2565.392
4959.834	2565.462
4949.412	2565.532
4939.039	2565.602
4928.719	2565.673
4918.454	2565.745
4908.247	2565.819
4898.103	2565.896
4888.024	2565.975
4878.013	2566.059
4868.070	2566.145
4858.194	2566.232
4848.383	2566.319
4838.636	2566.406
4828.950	2566.489
4819.325	2566.568
4809.759	2566.642
4800.250	2566.709
4790.797	2566.768
4781.398	2566.817
4772.051	2566.855
4762.756	2566.881
4753.510	2566.893
4744.312	2566.889
4735.161	2566.869
4726.054	2566.831
4716.991	2566.774
4707.969	2566.696
4698.987	2566.596
4690.044	2566.472
4681.138	2566.324
4672.268	2566.149
4663.431	2565.946
4654.627	2565.715
4645.854	2565.453
4637.109	2565.159
4628.393	2564.832
4619.702	2564.470
4611.036	2564.072
4602.393	2563.637
4593.771	2563.163
4585.169	2562.649
4576.586	2562.094
4568.020	2561.495
4559.468	2560.853
4550.930	2560.164
4542.404	2559.429
4533.889	2558.645
4525.383	2557.811
4516.884	2556.926
4508.391	2555.988
4499.902	2554.996
4491.416	2553.949
4482.931	2552.845
4474.445	2551.683
4465.958	2550.461
4457.467	2549.179
4448.971	2547.834
4440.469	2546.426
4431.963	2544.958
4423.456	2543.434
4414.948	2541.855
4406.442	2540.226
4397.941	2538.549
4389.447	2536.827
4380.961	2535.063
4372.486	2533.262
4364.024	2531.425
4355.578	2529.556
4347.148	2527.657
4338.737	2525.733
4330.348	2523.785
4321.982	2521.818
4313.643	2519.834
4305.331	2517.836
4297.048	2515.828
4288.798	2513.812
4280.582	2511.792
4272.402	2509.770
4264.261	2507.750
4256.160	2505.736
4248.102	2503.729
4240.089	2501.733
4232.122	2499.751
4224.205	2497.787
4216.338	2495.843
4208.525	2493.922
4200.768	2492.028
4193.068	2490.164
4185.427	2488.332
4177.849	2486.536
4170.334	2484.779
4162.885	2483.064
4155.504	2481.394
4148.194	2479.772
4140.957	2478.202
4133.793	2476.686
4126.706	2475.227
4119.698	2473.829
4112.771	2472.495
4105.927	2471.227
4099.168	2470.029
4092.497	2468.902
4085.920	2467.838
4079.445	2466.825
4073.077	2465.854
4066.825	2464.913
4060.695	2463.992
4054.694	2463.080
4048.829	2462.167
4043.107	2461.241
4037.535	2460.292
4032.120	2459.309
4026.870	2458.282
4021.790	2457.200
4016.889	2456.052
4012.173	2454.828
4007.649	2453.516
4003.323	2452.107
3999.205	2450.589
3995.299	2448.952
3991.613	2447.184
3988.154	2445.276
3984.929	2443.217
3981.946	2440.995
3979.210	2438.601
3976.730	2436.023
3974.511	2433.251
3972.562	2430.275
3970.882	2427.090
3969.458	2423.709
3968.277	2420.146
3967.323	2416.414
3966.581	2412.527
3966.037	2408.499
3965.678	2404.344
3965.487	2400.074
3965.451	2395.704
3965.555	2391.248
3965.785	2386.719
3966.126	2382.132
3966.563	2377.499
3967.082	2372.833
3967.669	2368.151
3968.308	2363.464
3968.986	2358.786
3969.687	2354.132
3970.398	2349.515
3971.103	2344.948
3971.789	2340.445
3972.440	2336.021
3973.042	2331.688
3973.583	2327.457
3974.063	2323.323
3974.482	2319.282
3974.841	2315.327
3975.139	2311.452
3975.378	2307.652
3975.558	2303.920
3975.680	2300.250
3975.744	2296.637
3975.752	2293.074
3975.703	2289.556
3975.598	2286.077
3975.438	2282.630
3975.224	2279.211
3974.956	2275.812
3974.634	2272.428
3974.260	2269.053
3973.833	2265.681
3973.355	2262.306
3972.826	2258.923
3972.254	2255.525
3971.656	2252.111
3971.051	2248.676
3970.458	2245.218
3969.896	2241.732
3969.384	2238.216
3968.940	2234.667
3968.584	2231.082
3968.334	2227.456
3968.210	2223.787
3968.229	2220.071
3968.412	2216.306
3968.776	2212.487
3969.341	2208.613
3970.125	2204.678
3971.148	2200.681
3972.428	2196.618
3973.984	2192.486
3975.835	2188.281
3978.000	2184.000
