X	Y
358.000	182.000
358.080	180.956
358.219	179.916
358.418	178.879
358.677	177.842
358.996	176.804
359.377	175.764
359.818	174.720
360.321	173.671
360.886	172.615
361.514	171.551
362.204	170.477
362.957	169.391
363.773	168.293
364.654	167.180
365.597	166.052
366.603	164.910
367.669	163.753
368.795	162.581
369.980	161.394
371.223	160.192
372.522	158.976
373.876	157.745
375.285	156.500
376.747	155.239
378.261	153.964
379.825	152.675
381.440	151.371
383.103	150.052
384.814	148.718
386.572	147.370
388.375	146.008
390.222	144.631
392.112	143.239
394.045	141.833
396.018	140.413
398.031	138.978
400.083	137.528
402.172	136.066
404.297	134.590
406.455	133.102
408.645	131.603
410.865	130.093
413.114	128.574
415.390	127.047
417.691	125.511
420.015	123.968
422.361	122.418
424.728	120.863
427.113	119.303
429.514	117.739
431.931	116.172
434.361	114.602
436.803	113.031
439.255	111.459
441.715	109.888
444.181	108.316
446.653	106.747
449.127	105.180
451.604	103.616
454.080	102.057
456.554	100.502
459.024	98.952
461.490	97.409
463.948	95.874
466.398	94.346
468.837	92.828
471.264	91.319
473.678	89.820
476.076	88.333
478.458	86.857
480.825	85.394
483.175	83.943
485.509	82.505
487.829	81.081
490.133	79.670
492.422	78.273
494.697	76.890
496.957	75.522
499.203	74.169
501.434	72.831
503.652	71.509
505.857	70.203
508.048	68.913
510.226	67.640
512.391	66.385
514.543	65.146
516.682	63.926
518.810	62.723
520.925	61.540
523.029	60.375
525.121	59.229
527.201	58.102
529.271	56.996
531.329	55.910
533.377	54.844
535.414	53.799
537.441	52.776
539.458	51.774
541.464	50.795
543.460	49.841
545.443	48.915
547.413	48.019
549.368	47.156
551.309	46.328
553.232	45.538
555.139	44.789
557.027	44.084
558.895	43.424
560.742	42.813
562.568	42.253
564.372	41.746
566.151	41.296
567.906	40.905
569.635	40.575
571.337	40.309
573.011	40.110
574.656	39.980
576.271	39.922
577.854	39.939
579.406	40.032
580.925	40.204
582.412	40.455
583.866	40.782
585.289	41.187
586.681	41.667
588.041	42.223
589.372	42.854
590.672	43.558
591.943	44.336
593.184	45.186
594.396	46.108
595.580	47.102
596.736	48.166
597.864	49.300
598.965	50.503
600.039	51.774
601.086	53.114
602.107	54.519
603.101	55.988
604.068	57.517
605.009	59.101
605.921	60.738
606.805	62.424
607.661	64.155
608.488	65.928
609.286	67.738
610.054	69.583
610.793	71.459
611.501	73.362
612.178	75.288
612.824	77.234
613.439	79.196
614.022	81.171
614.573	83.156
615.092	85.145
615.577	87.137
616.030	89.126
616.448	91.111
616.833	93.086
617.183	95.049
617.499	96.999
617.781	98.938
618.031	100.868
618.247	102.792
618.431	104.712
618.584	106.630
618.705	108.548
618.796	110.469
618.857	112.394
618.888	114.326
618.890	116.267
618.864	118.219
618.810	120.186
618.729	122.167
618.620	124.167
618.486	126.187
618.325	128.230
618.139	130.297
617.929	132.391
617.694	134.514
617.436	136.669
617.154	138.857
616.850	141.081
616.523	143.339
616.172	145.626
615.797	147.937
615.395	150.268
614.968	152.612
614.513	154.965
614.030	157.321
613.517	159.675
612.974	162.023
612.401	164.359
611.795	166.678
611.156	168.974
610.484	171.243
609.776	173.479
609.033	175.678
608.254	177.833
607.437	179.941
606.581	181.995
605.686	183.991
604.751	185.924
603.775	187.788
602.756	189.578
601.694	191.289
600.589	192.916
599.438	194.453
598.242	195.897
597.001	197.247
595.715	198.508
594.387	199.684
593.017	200.781
591.606	201.802
590.156	202.752
588.669	203.636
587.144	204.457
585.584	205.222
583.990	205.933
582.363	206.596
580.704	207.215
579.015	207.795
577.296	208.339
575.549	208.854
573.776	209.342
571.976	209.810
570.153	210.260
568.306	210.698
566.438	211.128
564.548	211.554
562.636	211.974
560.701	212.389
558.743	212.799
556.761	213.204
554.754	213.603
552.722	213.996
550.663	214.382
548.578	214.763
546.465	215.136
544.323	215.504
542.152	215.864
539.951	216.217
537.720	216.562
535.458	216.900
533.163	217.231
530.836	217.553
528.476	217.867
526.081	218.173
523.652	218.470
521.186	218.759
518.685	219.038
516.147	219.309
513.571	219.569
510.956	219.821
508.303	220.062
505.610	220.294
502.883	220.515
500.123	220.725
497.335	220.925
494.521	221.113
491.686	221.290
488.832	221.454
485.963	221.607
483.082	221.747
480.193	221.875
477.299	221.989
474.403	222.090
471.509	222.177
468.621	222.250
465.740	222.309
462.872	222.354
460.019	222.383
457.185	222.397
454.373	222.396
451.586	222.379
448.828	222.345
446.102	222.296
443.412	222.229
440.761	222.145
438.153	222.045
435.590	221.926
433.076	221.790
430.614	221.635
428.209	221.461
425.863	221.269
423.579	221.058
421.361	220.827
419.208	220.577
417.115	220.309
415.081	220.023
413.102	219.719
411.174	219.400
409.295	219.064
407.461	218.714
405.669	218.349
403.915	217.970
402.198	217.578
400.512	217.174
398.855	216.758
397.224	216.331
395.616	215.893
394.027	215.445
392.455	214.988
390.895	214.523
389.345	214.050
387.801	213.570
386.261	213.083
384.721	212.590
383.185	212.093
381.656	211.592
380.141	211.088
378.641	210.584
377.164	210.078
375.713	209.574
374.292	209.072
372.907	208.573
371.562	208.078
370.261	207.589
369.009	207.107
367.811	206.632
366.671	206.167
365.594	205.711
364.584	205.267
363.646	204.835
362.784	204.412
361.999	203.993
361.295	203.569
360.672	203.133
360.134	202.679
359.682	202.197
359.319	201.682
359.046	201.125
358.865	200.521
358.765	199.868
358.730	199.171
358.745	198.430
358.793	197.651
358.858	196.834
358.925	195.983
358.978	195.101
359.000	194.191
358.979	193.255
358.917	192.295
358.821	191.316
358.702	190.318
358.568	189.305
358.429	188.279
358.294	187.243
358.173	186.199
358.073	185.150
358.005	184.099
357.978	183.048
358.000	182.000
