X	Y
352.000	194.000
353.222	192.703
354.980	191.495
357.233	190.372
359.941	189.335
363.065	188.379
366.564	187.505
370.398	186.710
374.528	185.991
378.913	185.347
383.513	184.777
388.289	184.278
393.199	183.848
398.205	183.485
403.266	183.188
408.342	182.955
413.393	182.784
418.379	182.672
423.261	182.619
427.997	182.622
432.548	182.679
436.875	182.788
440.936	182.948
444.697	183.156
448.163	183.408
451.365	183.698
454.333	184.021
457.095	184.371
459.683	184.743
462.126	185.130
464.453	185.528
466.696	185.931
468.882	186.333
471.044	186.728
473.209	187.111
475.409	187.476
477.673	187.818
480.030	188.131
482.487	188.419
485.023	188.694
487.615	188.971
490.241	189.262
492.879	189.582
495.507	189.945
498.101	190.363
500.639	190.852
503.100	191.424
505.461	192.094
507.699	192.875
509.792	193.780
511.718	194.825
513.457	196.018
515.019	197.352
516.420	198.810
517.678	200.375
518.811	202.030
519.836	203.759
520.772	205.546
521.636	207.374
522.446	209.225
523.219	211.085
523.973	212.935
524.726	214.760
525.494	216.547
526.292	218.284
527.137	219.959
528.043	221.560
529.026	223.075
530.103	224.492
531.288	225.798
532.599	226.982
534.049	228.032
535.642	228.943
537.331	229.743
539.059	230.465
540.768	231.143
542.401	231.811
543.901	232.501
545.210	233.247
546.271	234.084
547.026	235.045
547.441	236.153
547.567	237.400
547.470	238.769
547.218	240.244
546.878	241.808
546.518	243.445
546.206	245.138
546.008	246.871
545.980	248.627
546.111	250.392
546.371	252.150
546.729	253.885
547.154	255.584
547.617	257.230
548.086	258.808
548.532	260.304
548.923	261.703
549.231	262.990
549.437	264.170
549.529	265.254
549.492	266.253
549.313	267.177
548.981	268.039
548.492	268.855
547.882	269.665
547.198	270.509
546.482	271.433
545.781	272.478
545.138	273.687
544.595	275.099
544.164	276.707
543.842	278.484
543.627	280.404
543.517	282.440
543.508	284.564
543.597	286.749
543.784	288.968
544.063	291.195
544.434	293.401
544.894	295.561
545.439	297.649
546.065	299.665
546.767	301.619
547.539	303.519
548.376	305.375
549.271	307.196
550.221	308.993
551.219	310.774
552.259	312.548
553.337	314.326
554.447	316.117
555.584	317.929
556.744	319.766
557.929	321.622
559.138	323.493
560.373	325.374
561.633	327.261
562.918	329.149
564.229	331.033
565.567	332.908
566.931	334.770
568.323	336.614
569.741	338.435
571.188	340.229
572.661	341.993
574.159	343.726
575.678	345.432
577.215	347.110
578.766	348.764
580.329	350.394
581.899	352.002
583.474	353.589
585.050	355.157
586.625	356.707
588.194	358.242
589.755	359.762
591.300	361.266
592.793	362.739
594.187	364.157
595.437	365.499
596.494	366.741
597.312	367.862
597.845	368.838
598.045	369.647
597.867	370.268
597.311	370.701
596.424	370.971
595.255	371.107
593.856	371.134
592.274	371.079
590.561	370.969
588.758	370.818
586.892	370.617
584.990	370.356
583.077	370.021
581.178	369.603
579.320	369.090
577.529	368.469
575.829	367.730
574.247	366.861
572.809	365.850
571.524	364.698
570.366	363.440
569.298	362.113
568.286	360.757
567.295	359.411
566.290	358.113
565.236	356.902
564.098	355.818
562.841	354.899
561.444	354.173
559.920	353.630
558.290	353.259
556.575	353.047
554.795	352.979
552.972	353.043
551.125	353.226
549.276	353.514
547.445	353.894
545.651	354.352
543.904	354.867
542.206	355.414
540.560	355.968
538.969	356.505
537.437	356.999
535.967	357.425
534.561	357.759
533.223	357.976
531.953	358.058
530.730	358.033
529.524	357.948
528.306	357.850
527.047	357.786
525.716	357.805
524.285	357.953
522.732	358.272
521.084	358.763
519.394	359.409
517.712	360.192
516.090	361.097
514.578	362.106
513.229	363.202
512.092	364.369
511.220	365.589
510.657	366.846
510.368	368.120
510.266	369.391
510.264	370.638
510.275	371.840
510.213	372.977
509.991	374.029
509.540	374.979
508.863	375.836
507.979	376.609
506.905	377.310
505.661	377.950
504.265	378.539
502.735	379.090
501.100	379.616
499.410	380.140
497.723	380.685
496.092	381.275
494.574	381.933
493.224	382.683
492.097	383.549
491.249	384.553
490.730	385.717
490.504	387.017
490.471	388.398
490.528	389.800
490.574	391.168
490.505	392.443
490.220	393.567
489.623	394.488
488.722	395.220
487.617	395.837
486.412	396.416
485.207	397.031
484.107	397.759
483.213	398.675
482.619	399.849
482.320	401.274
482.252	402.898
482.352	404.670
482.556	406.539
482.799	408.452
483.018	410.358
483.149	412.205
483.128	413.942
482.891	415.517
482.414	416.899
481.725	418.084
480.862	419.075
479.858	419.870
478.749	420.470
477.571	420.876
476.357	421.087
475.121	421.108
473.854	420.942
472.548	420.597
471.195	420.078
469.785	419.390
468.311	418.540
466.764	417.533
465.136	416.374
463.431	415.073
461.662	413.642
459.846	412.090
457.998	410.431
456.131	408.675
454.261	406.833
452.403	404.918
450.573	402.941
448.784	400.913
447.052	398.845
445.391	396.750
443.818	394.638
442.346	392.522
440.988	390.412
439.735	388.322
438.568	386.266
437.465	384.259
436.406	382.314
435.373	380.447
434.344	378.671
433.299	377.000
432.218	375.449
431.081	374.031
429.868	372.762
428.559	371.655
427.143	370.706
425.628	369.881
424.021	369.145
422.329	368.463
420.560	367.798
418.721	367.115
416.820	366.379
414.865	365.554
412.863	364.604
410.821	363.494
408.748	362.190
406.649	360.685
404.530	358.994
402.397	357.132
400.254	355.115
398.108	352.956
395.964	350.671
393.826	348.276
391.701	345.785
389.594	343.213
387.511	340.576
385.456	337.888
383.436	335.165
381.456	332.420
379.520	329.671
377.636	326.931
375.807	324.215
374.040	321.539
372.338	318.909
370.707	316.325
369.149	313.786
367.668	311.292
366.269	308.843
364.954	306.438
363.728	304.076
362.594	301.759
361.557	299.484
360.619	297.252
359.785	295.063
359.059	292.915
358.444	290.809
357.944	288.744
357.558	286.717
357.275	284.718
357.080	282.738
356.960	280.764
356.899	278.786
356.884	276.793
356.901	274.775
356.935	272.719
356.973	270.616
357.000	268.455
357.002	266.225
356.967	263.917
356.896	261.544
356.793	259.121
356.662	256.666
356.509	254.194
356.337	251.724
356.151	249.271
355.955	246.852
355.754	244.484
355.552	242.184
355.354	239.968
355.164	237.853
354.987	235.856
354.826	233.987
354.681	232.230
354.549	230.569
354.430	228.983
354.322	227.454
354.224	225.964
354.135	224.493
354.053	223.023
353.977	221.535
353.908	220.025
353.851	218.510
353.813	217.008
353.797	215.540
353.811	214.124
353.858	212.780
353.946	211.527
354.078	210.382
354.230	209.332
354.354	208.333
354.401	207.342
354.322	206.315
354.067	205.209
353.603	203.986
352.991	202.656
352.335	201.247
351.737	199.787
351.301	198.304
351.131	196.826
351.329	195.382
352.000	194.000
