X	Y
350.000	159.000
350.435	157.610
350.966	156.280
351.594	154.992
352.319	153.728
353.140	152.469
354.059	151.197
355.074	149.896
356.186	148.546
357.396	147.129
358.703	145.627
360.107	144.023
361.609	142.299
363.205	140.447
364.891	138.476
366.660	136.395
368.507	134.211
370.427	131.935
372.412	129.575
374.459	127.139
376.560	124.636
378.710	122.076
380.904	119.467
383.135	116.818
385.398	114.137
387.688	111.433
389.997	108.716
392.321	105.994
394.654	103.275
396.990	100.569
399.324	97.884
401.649	95.229
403.959	92.613
406.250	90.045
408.515	87.533
410.750	85.086
412.957	82.702
415.140	80.379
417.307	78.112
419.463	75.897
421.613	73.731
423.763	71.609
425.918	69.527
428.085	67.482
430.268	65.469
432.475	63.486
434.709	61.526
436.977	59.588
439.285	57.666
441.638	55.758
444.041	53.858
446.501	51.964
449.023	50.070
451.613	48.174
454.276	46.270
457.018	44.357
459.845	42.428
462.757	40.484
465.748	38.530
468.810	36.570
471.935	34.609
475.117	32.654
478.346	30.708
481.616	28.777
484.919	26.867
488.248	24.983
491.594	23.129
494.950	21.310
498.309	19.533
501.662	17.802
505.003	16.122
508.323	14.499
511.615	12.938
514.871	11.443
518.085	10.021
521.247	8.676
524.350	7.413
527.388	6.237
530.351	5.155
533.233	4.170
536.026	3.289
538.723	2.515
541.325	1.848
543.839	1.284
546.271	0.817
548.628	0.443
550.917	0.156
553.145	-0.046
555.318	-0.170
557.444	-0.221
559.528	-0.202
561.578	-0.119
563.600	0.024
565.601	0.222
567.589	0.469
569.569	0.762
571.548	1.096
573.529	1.468
575.505	1.881
577.469	2.338
579.415	2.842
581.334	3.394
583.221	3.999
585.069	4.660
586.869	5.378
588.616	6.157
590.302	7.000
591.919	7.910
593.462	8.889
594.923	9.941
596.298	11.067
597.592	12.263
598.817	13.525
599.982	14.847
601.096	16.224
602.170	17.651
603.215	19.123
604.238	20.634
605.252	22.181
606.266	23.756
607.288	25.357
608.331	26.976
609.403	28.609
610.508	30.252
611.639	31.899
612.791	33.546
613.956	35.188
615.129	36.821
616.303	38.440
617.471	40.040
618.627	41.617
619.764	43.167
620.876	44.684
621.957	46.164
622.999	47.602
623.996	48.995
624.939	50.336
625.807	51.620
626.575	52.842
627.219	53.994
627.714	55.072
628.037	56.070
628.162	56.980
628.066	57.798
627.728	58.518
627.157	59.140
626.380	59.669
625.423	60.108
624.314	60.461
623.078	60.733
621.744	60.927
620.336	61.047
618.870	61.102
617.346	61.103
615.767	61.066
614.132	61.001
612.443	60.923
610.701	60.844
608.906	60.777
607.060	60.736
605.163	60.733
603.216	60.782
601.220	60.896
599.177	61.086
597.093	61.362
594.981	61.721
592.857	62.163
590.734	62.688
588.627	63.293
586.551	63.979
584.520	64.745
582.548	65.588
580.650	66.509
578.840	67.506
577.133	68.579
575.543	69.727
574.084	70.948
572.772	72.242
571.611	73.606
570.587	75.036
569.683	76.525
568.881	78.070
568.166	79.663
567.518	81.300
566.921	82.975
566.357	84.683
565.810	86.419
565.262	88.176
564.695	89.950
564.093	91.735
563.443	93.524
562.757	95.310
562.059	97.080
561.373	98.824
560.723	100.530
560.131	102.189
559.623	103.788
559.221	105.318
558.949	106.768
558.830	108.126
558.889	109.381
559.148	110.524
559.595	111.566
560.184	112.542
560.868	113.488
561.597	114.441
562.324	115.435
563.000	116.508
563.578	117.695
564.008	119.032
564.257	120.543
564.346	122.209
564.308	123.998
564.178	125.879
563.989	127.821
563.775	129.794
563.569	131.767
563.405	133.708
563.317	135.587
563.338	137.374
563.503	139.036
563.844	140.544
564.392	141.870
565.135	143.020
566.035	144.024
567.053	144.911
568.151	145.711
569.289	146.454
570.429	147.169
571.531	147.886
572.559	148.633
573.473	149.441
574.262	150.314
574.938	151.237
575.510	152.194
575.993	153.171
576.396	154.150
576.733	155.116
577.015	156.054
577.253	156.956
577.451	157.844
577.614	158.747
577.747	159.693
577.853	160.711
577.937	161.829
578.003	163.075
578.055	164.469
578.091	165.999
578.109	167.648
578.107	169.398
578.084	171.231
578.037	173.130
577.965	175.077
577.865	177.055
577.735	179.045
577.574	181.031
577.379	182.994
577.149	184.916
576.882	186.781
576.575	188.573
576.225	190.278
575.829	191.885
575.384	193.380
574.887	194.752
574.335	195.988
573.724	197.074
573.052	197.999
572.316	198.749
571.513	199.314
570.643	199.705
569.712	199.949
568.725	200.075
567.686	200.111
566.599	200.085
565.469	200.027
564.301	199.962
563.094	199.897
561.844	199.823
560.547	199.728
559.198	199.602
557.793	199.436
556.328	199.218
554.798	198.938
553.200	198.586
551.529	198.152
549.781	197.625
547.959	197.010
546.071	196.316
544.122	195.554
542.120	194.733
540.072	193.865
537.983	192.960
535.862	192.028
533.716	191.078
531.550	190.123
529.372	189.172
527.188	188.234
525.006	187.322
522.832	186.445
520.673	185.612
518.536	184.836
516.426	184.123
514.340	183.478
512.277	182.904
510.235	182.402
508.212	181.978
506.206	181.633
504.215	181.371
502.236	181.195
500.269	181.107
498.310	181.112
496.358	181.211
494.411	181.408
492.467	181.706
490.523	182.108
488.579	182.613
486.632	183.210
484.681	183.888
482.725	184.636
480.761	185.441
478.789	186.294
476.807	187.182
474.814	188.094
472.807	189.020
470.786	189.946
468.749	190.863
466.694	191.759
464.620	192.622
462.525	193.442
460.409	194.206
458.269	194.910
456.102	195.555
453.906	196.146
451.679	196.687
449.418	197.182
447.121	197.636
444.784	198.051
442.406	198.433
439.984	198.785
437.516	199.112
434.998	199.417
432.429	199.705
429.806	199.980
427.126	200.245
424.386	200.505
421.585	200.764
418.720	201.026
415.792	201.292
412.812	201.560
409.794	201.822
406.753	202.074
403.700	202.310
400.651	202.524
397.618	202.711
394.616	202.865
391.657	202.981
388.757	203.054
385.928	203.077
383.184	203.045
380.538	202.953
378.005	202.795
375.598	202.566
373.330	202.259
371.216	201.870
369.269	201.394
367.502	200.823
365.915	200.166
364.482	199.447
363.175	198.696
361.966	197.940
360.828	197.209
359.731	196.529
358.649	195.930
357.553	195.440
356.415	195.086
355.211	194.894
353.958	194.837
352.699	194.854
351.480	194.882
350.347	194.862
349.345	194.730
348.519	194.426
347.914	193.888
347.552	193.083
347.404	192.045
347.428	190.817
347.586	189.445
347.839	187.971
348.147	186.441
348.470	184.898
348.770	183.387
349.007	181.952
349.152	180.627
349.216	179.417
349.218	178.318
349.178	177.326
349.115	176.437
349.049	175.648
348.997	174.956
348.975	174.343
348.975	173.757
348.986	173.134
348.997	172.411
348.999	171.529
348.992	170.470
348.986	169.262
348.995	167.932
349.029	166.509
349.101	165.023
349.222	163.500
349.405	161.969
349.660	160.460
350.000	159.000
