X	Y
10.140	4.743
10.158	4.717
10.178	4.691
10.199	4.666
10.222	4.641
10.246	4.617
10.272	4.593
10.299	4.569
10.327	4.546
10.357	4.523
10.388	4.501
10.420	4.478
10.454	4.456
10.488	4.434
10.523	4.412
10.559	4.391
10.597	4.369
10.635	4.347
10.673	4.326
10.713	4.304
10.753	4.282
10.794	4.260
10.835	4.238
10.877	4.216
10.919	4.194
10.962	4.171
11.005	4.148
11.048	4.125
11.092	4.101
11.135	4.077
11.179	4.053
11.224	4.028
11.268	4.003
11.313	3.978
11.357	3.952
11.402	3.927
11.447	3.901
11.492	3.874
11.537	3.848
11.583	3.821
11.628	3.794
11.674	3.767
11.719	3.740
11.765	3.712
11.810	3.684
11.856	3.657
11.901	3.629
11.947	3.600
11.992	3.572
12.038	3.544
12.083	3.515
12.129	3.487
12.174	3.458
12.219	3.429
12.264	3.400
12.309	3.372
12.354	3.343
12.398	3.314
12.443	3.285
12.487	3.256
12.531	3.227
12.575	3.198
12.619	3.169
12.662	3.140
12.705	3.111
12.748	3.082
12.791	3.053
12.834	3.025
12.876	2.996
12.919	2.968
12.961	2.939
13.003	2.911
13.045	2.883
13.087	2.855
13.129	2.827
13.171	2.800
13.213	2.772
13.254	2.745
13.296	2.718
13.338	2.691
13.379	2.665
13.421	2.639
13.463	2.613
13.504	2.587
13.546	2.562
13.588	2.537
13.630	2.512
13.672	2.487
13.714	2.463
13.756	2.439
13.799	2.416
13.841	2.393
13.883	2.370
13.926	2.348
13.969	2.326
14.012	2.305
14.055	2.284
14.099	2.263
14.142	2.243
14.186	2.223
14.230	2.203
14.274	2.184
14.319	2.165
14.363	2.146
14.408	2.127
14.453	2.109
14.498	2.091
14.544	2.073
14.590	2.056
14.636	2.038
14.682	2.021
14.728	2.004
14.775	1.987
14.822	1.970
14.869	1.954
14.917	1.937
14.965	1.920
15.013	1.904
15.061	1.887
15.110	1.871
15.159	1.855
15.208	1.838
15.258	1.822
15.308	1.805
15.358	1.788
15.408	1.772
15.459	1.755
15.510	1.738
15.562	1.721
15.614	1.704
15.666	1.687
15.718	1.670
15.771	1.653
15.823	1.636
15.876	1.619
15.930	1.602
15.983	1.585
16.036	1.568
16.090	1.552
16.144	1.535
16.197	1.519
16.251	1.503
16.305	1.488
16.359	1.472
16.413	1.457
16.467	1.442
16.521	1.428
16.575	1.413
16.629	1.400
16.682	1.386
16.736	1.373
16.789	1.361
16.843	1.349
16.896	1.338
16.949	1.327
17.001	1.316
17.054	1.306
17.106	1.297
17.158	1.289
17.210	1.281
17.261	1.274
17.313	1.267
17.363	1.261
17.414	1.256
17.464	1.252
17.513	1.249
17.562	1.246
17.611	1.244
17.659	1.244
17.706	1.244
17.752	1.246
17.798	1.248
17.843	1.252
17.887	1.257
17.929	1.263
17.971	1.270
18.012	1.279
18.052	1.289
18.090	1.300
18.128	1.313
18.164	1.328
18.198	1.344
18.232	1.361
18.263	1.381
18.294	1.401
18.323	1.424
18.350	1.448
18.375	1.475
18.399	1.503
18.421	1.533
18.441	1.564
18.460	1.598
18.477	1.633
18.492	1.670
18.506	1.709
18.518	1.749
18.529	1.790
18.538	1.832
18.546	1.876
18.553	1.921
18.559	1.966
18.564	2.013
18.567	2.060
18.570	2.108
18.571	2.157
18.572	2.207
18.572	2.256
18.571	2.306
18.570	2.357
18.568	2.407
18.565	2.458
18.562	2.509
18.558	2.559
18.554	2.610
18.550	2.660
18.545	2.709
18.540	2.759
18.535	2.807
18.530	2.856
18.525	2.903
18.520	2.950
18.514	2.996
18.509	3.041
18.504	3.086
18.498	3.130
18.492	3.173
18.486	3.216
18.480	3.259
18.473	3.300
18.466	3.342
18.459	3.383
18.451	3.423
18.443	3.464
18.434	3.503
18.425	3.543
18.416	3.582
18.406	3.621
18.395	3.660
18.384	3.698
18.372	3.736
18.359	3.775
18.346	3.813
18.332	3.851
18.317	3.888
18.302	3.926
18.285	3.964
18.268	4.002
18.250	4.040
18.231	4.078
18.211	4.116
18.190	4.153
18.169	4.191
18.147	4.229
18.125	4.266
18.102	4.303
18.078	4.340
18.054	4.377
18.029	4.413
18.005	4.449
17.979	4.485
17.954	4.520
17.928	4.555
17.903	4.590
17.877	4.623
17.851	4.657
17.825	4.689
17.798	4.722
17.773	4.753
17.747	4.784
17.721	4.814
17.695	4.843
17.670	4.872
17.645	4.899
17.620	4.926
17.596	4.952
17.572	4.977
17.549	5.001
17.525	5.024
17.502	5.047
17.479	5.069
17.455	5.089
17.432	5.110
17.408	5.129
17.385	5.148
17.361	5.165
17.336	5.183
17.311	5.199
17.286	5.215
17.260	5.230
17.234	5.245
17.206	5.259
17.178	5.272
17.149	5.285
17.119	5.297
17.089	5.309
17.057	5.320
17.024	5.331
16.990	5.341
16.955	5.351
16.919	5.360
16.881	5.369
16.843	5.377
16.804	5.385
16.763	5.393
16.722	5.400
16.679	5.407
16.635	5.413
16.590	5.420
16.543	5.425
16.496	5.431
16.447	5.436
16.398	5.441
16.346	5.446
16.294	5.450
16.241	5.454
16.186	5.458
16.130	5.462
16.073	5.465
16.014	5.469
15.955	5.472
15.894	5.475
15.831	5.478
15.768	5.480
15.703	5.483
15.637	5.485
15.569	5.488
15.500	5.490
15.430	5.493
15.358	5.495
15.286	5.497
15.212	5.499
15.137	5.502
15.061	5.504
14.984	5.506
14.906	5.508
14.827	5.510
14.748	5.512
14.668	5.514
14.587	5.516
14.505	5.518
14.424	5.520
14.342	5.522
14.259	5.524
14.176	5.526
14.093	5.528
14.010	5.530
13.927	5.532
13.844	5.534
13.760	5.536
13.677	5.538
13.594	5.540
13.512	5.542
13.430	5.544
13.348	5.546
13.266	5.548
13.186	5.550
13.105	5.553
13.026	5.555
12.947	5.557
12.869	5.560
12.792	5.562
12.716	5.564
12.640	5.567
12.566	5.569
12.493	5.572
12.422	5.575
12.351	5.577
12.282	5.580
12.214	5.583
12.148	5.586
12.083	5.589
12.020	5.592
11.959	5.595
11.899	5.599
11.842	5.602
11.786	5.605
11.732	5.609
11.680	5.612
11.630	5.616
11.581	5.620
11.535	5.623
11.490	5.627
11.446	5.630
11.404	5.633
11.364	5.635
11.325	5.637
11.286	5.639
11.249	5.640
11.213	5.641
11.178	5.641
11.144	5.641
11.110	5.640
11.078	5.638
11.045	5.635
11.014	5.631
10.982	5.627
10.951	5.621
10.920	5.614
10.890	5.607
10.859	5.598
10.829	5.588
10.798	5.577
10.767	5.564
10.736	5.551
10.705	5.536
10.674	5.521
10.644	5.505
10.613	5.488
10.583	5.471
10.553	5.453
10.524	5.435
10.495	5.418
10.466	5.400
10.438	5.382
10.410	5.365
10.384	5.348
10.357	5.331
10.332	5.315
10.308	5.300
10.284	5.286
10.261	5.272
10.240	5.260
10.219	5.249
10.199	5.239
10.181	5.230
10.164	5.222
10.148	5.213
10.133	5.205
10.119	5.196
10.106	5.186
10.095	5.176
10.085	5.164
10.076	5.151
10.068	5.136
10.062	5.120
10.057	5.101
10.053	5.081
10.051	5.059
10.050	5.036
10.051	5.012
10.053	4.987
10.056	4.961
10.061	4.935
10.068	4.908
10.076	4.880
10.085	4.852
10.096	4.825
10.109	4.797
10.124	4.770
10.140	4.743
