X	Y
18.735	10.445
18.774	10.415
18.817	10.385
18.865	10.357
18.916	10.330
18.972	10.305
19.032	10.281
19.095	10.258
19.161	10.236
19.231	10.215
19.304	10.196
19.379	10.178
19.458	10.161
19.538	10.145
19.622	10.130
19.707	10.117
19.794	10.104
19.883	10.093
19.973	10.082
20.065	10.073
20.159	10.065
20.253	10.058
20.348	10.052
20.444	10.047
20.540	10.043
20.636	10.040
20.733	10.038
20.830	10.037
20.926	10.037
21.022	10.037
21.118	10.039
21.213	10.042
21.308	10.045
21.403	10.049
21.497	10.054
21.592	10.060
21.686	10.066
21.780	10.074
21.873	10.082
21.967	10.090
22.061	10.100
22.154	10.109
22.248	10.120
22.342	10.131
22.436	10.142
22.529	10.154
22.623	10.167
22.718	10.180
22.812	10.193
22.907	10.207
23.002	10.221
23.097	10.236
23.193	10.251
23.289	10.266
23.385	10.281
23.482	10.297
23.580	10.313
23.677	10.329
23.776	10.345
23.875	10.361
23.975	10.377
24.075	10.394
24.176	10.411
24.278	10.427
24.380	10.444
24.483	10.460
24.586	10.477
24.690	10.494
24.795	10.511
24.899	10.528
25.004	10.546
25.110	10.563
25.215	10.581
25.321	10.599
25.427	10.617
25.533	10.635
25.639	10.654
25.745	10.673
25.851	10.692
25.956	10.712
26.062	10.732
26.167	10.752
26.272	10.773
26.376	10.794
26.480	10.815
26.584	10.837
26.687	10.860
26.789	10.882
26.891	10.906
26.992	10.930
27.092	10.954
27.192	10.979
27.291	11.005
27.388	11.031
27.485	11.058
27.581	11.085
27.676	11.113
27.769	11.142
27.862	11.171
27.953	11.201
28.043	11.232
28.132	11.263
28.219	11.295
28.305	11.328
28.390	11.361
28.474	11.395
28.556	11.429
28.637	11.464
28.717	11.499
28.796	11.535
28.874	11.571
28.950	11.607
29.025	11.644
29.099	11.681
29.172	11.719
29.244	11.756
29.314	11.794
29.383	11.832
29.451	11.870
29.518	11.908
29.584	11.946
29.648	11.985
29.712	12.023
29.774	12.061
29.835	12.100
29.895	12.138
29.954	12.176
30.011	12.214
30.068	12.252
30.123	12.289
30.177	12.327
30.230	12.365
30.282	12.404
30.331	12.443
30.380	12.482
30.426	12.523
30.471	12.564
30.514	12.607
30.555	12.651
30.594	12.697
30.631	12.744
30.665	12.793
30.698	12.844
30.728	12.897
30.755	12.953
30.780	13.011
30.803	13.071
30.822	13.135
30.839	13.201
30.853	13.270
30.864	13.343
30.872	13.419
30.878	13.497
30.880	13.578
30.881	13.661
30.878	13.747
30.874	13.834
30.867	13.923
30.858	14.014
30.847	14.105
30.834	14.198
30.819	14.292
30.802	14.386
30.784	14.480
30.764	14.575
30.743	14.670
30.721	14.764
30.697	14.857
30.672	14.950
30.646	15.042
30.620	15.133
30.592	15.222
30.564	15.310
30.535	15.396
30.506	15.479
30.476	15.561
30.446	15.640
30.416	15.716
30.386	15.789
30.356	15.858
30.326	15.925
30.296	15.988
30.266	16.047
30.236	16.104
30.207	16.158
30.177	16.209
30.146	16.258
30.116	16.305
30.085	16.350
30.054	16.393
30.022	16.436
29.990	16.477
29.957	16.518
29.923	16.558
29.888	16.598
29.852	16.638
29.816	16.678
29.778	16.718
29.739	16.760
29.699	16.802
29.657	16.846
29.614	16.891
29.570	16.938
29.524	16.986
29.477	17.035
29.429	17.085
29.380	17.137
29.330	17.189
29.279	17.242
29.226	17.297
29.173	17.352
29.119	17.407
29.064	17.463
29.009	17.520
28.953	17.577
28.896	17.635
28.838	17.693
28.780	17.751
28.721	17.809
28.662	17.867
28.603	17.925
28.543	17.983
28.483	18.041
28.422	18.098
28.362	18.155
28.301	18.212
28.240	18.268
28.179	18.324
28.119	18.378
28.058	18.433
27.997	18.486
27.936	18.539
27.876	18.591
27.815	18.642
27.754	18.692
27.694	18.742
27.633	18.791
27.573	18.839
27.512	18.887
27.452	18.933
27.391	18.979
27.331	19.024
27.271	19.068
27.210	19.112
27.150	19.154
27.090	19.196
27.030	19.237
26.969	19.277
26.909	19.316
26.849	19.354
26.789	19.391
26.729	19.428
26.669	19.463
26.610	19.498
26.550	19.531
26.490	19.564
26.430	19.596
26.371	19.626
26.311	19.655
26.252	19.683
26.192	19.710
26.133	19.735
26.074	19.758
26.015	19.780
25.956	19.801
25.897	19.819
25.838	19.836
25.780	19.850
25.722	19.863
25.663	19.873
25.605	19.882
25.547	19.888
25.490	19.891
25.432	19.893
25.375	19.891
25.318	19.888
25.261	19.881
25.204	19.872
25.147	19.860
25.091	19.846
25.034	19.830
24.978	19.811
24.922	19.790
24.866	19.767
24.810	19.742
24.753	19.715
24.697	19.687
24.641	19.656
24.585	19.624
24.528	19.590
24.472	19.555
24.415	19.518
24.358	19.480
24.301	19.440
24.244	19.399
24.187	19.358
24.129	19.315
24.071	19.271
24.013	19.226
23.954	19.181
23.895	19.135
23.837	19.087
23.777	19.040
23.718	18.991
23.659	18.941
23.600	18.891
23.541	18.840
23.482	18.789
23.424	18.736
23.366	18.683
23.308	18.630
23.250	18.575
23.193	18.520
23.136	18.464
23.080	18.408
23.024	18.351
22.970	18.294
22.915	18.236
22.862	18.177
22.809	18.118
22.758	18.058
22.707	17.998
22.657	17.937
22.608	17.875
22.560	17.814
22.514	17.751
22.468	17.689
22.424	17.625
22.381	17.562
22.338	17.498
22.296	17.433
22.255	17.369
22.214	17.304
22.174	17.238
22.134	17.173
22.095	17.107
22.055	17.041
22.016	16.975
21.976	16.908
21.936	16.842
21.896	16.775
21.856	16.708
21.815	16.641
21.774	16.574
21.732	16.507
21.689	16.440
21.645	16.373
21.600	16.306
21.554	16.240
21.507	16.173
21.459	16.106
21.409	16.039
21.358	15.973
21.305	15.907
21.250	15.841
21.194	15.775
21.137	15.709
21.079	15.644
21.019	15.579
20.958	15.513
20.897	15.448
20.835	15.384
20.773	15.319
20.710	15.255
20.646	15.191
20.583	15.127
20.519	15.063
20.455	14.999
20.392	14.935
20.329	14.872
20.266	14.809
20.204	14.746
20.142	14.683
20.081	14.620
20.021	14.558
19.963	14.496
19.905	14.434
19.849	14.372
19.794	14.310
19.740	14.248
19.689	14.187
19.639	14.125
19.591	14.064
19.544	14.003
19.501	13.942
19.459	13.881
19.419	13.821
19.380	13.761
19.344	13.700
19.309	13.641
19.275	13.581
19.243	13.522
19.212	13.462
19.182	13.404
19.153	13.345
19.125	13.287
19.098	13.229
19.071	13.171
19.045	13.114
19.020	13.057
18.994	13.001
18.969	12.945
18.944	12.889
18.920	12.833
18.895	12.779
18.869	12.724
18.844	12.670
18.818	12.617
18.791	12.563
18.765	12.511
18.739	12.459
18.713	12.407
18.688	12.356
18.663	12.305
18.639	12.254
18.615	12.205
18.593	12.155
18.573	12.106
18.553	12.058
18.536	12.010
18.520	11.962
18.506	11.915
18.494	11.868
18.485	11.822
18.478	11.776
18.474	11.731
18.472	11.686
18.473	11.642
18.475	11.599
18.480	11.556
18.486	11.513
18.493	11.472
18.500	11.432
18.509	11.392
18.517	11.354
18.525	11.317
18.533	11.281
18.540	11.246
18.546	11.212
18.550	11.180
18.553	11.150
18.555	11.120
18.555	11.091
18.555	11.063
18.554	11.035
18.553	11.007
18.551	10.979
18.550	10.950
18.549	10.921
18.549	10.890
18.550	10.858
18.552	10.825
18.555	10.791
18.560	10.757
18.568	10.721
18.577	10.686
18.590	10.650
18.605	10.615
18.623	10.579
18.645	10.545
18.671	10.511
18.701	10.477
18.735	10.445
