X	Y
18.438	9.925
18.446	9.885
18.456	9.844
18.468	9.802
18.483	9.760
18.500	9.717
18.520	9.674
18.542	9.630
18.566	9.585
18.593	9.539
18.622	9.492
18.653	9.444
18.687	9.395
18.723	9.345
18.762	9.293
18.804	9.241
18.847	9.188
18.894	9.133
18.943	9.076
18.994	9.019
19.047	8.960
19.103	8.901
19.160	8.840
19.220	8.779
19.281	8.716
19.343	8.654
19.407	8.590
19.472	8.526
19.539	8.462
19.606	8.397
19.674	8.332
19.744	8.267
19.813	8.202
19.883	8.137
19.954	8.072
20.024	8.007
20.095	7.943
20.165	7.879
20.236	7.815
20.306	7.752
20.375	7.690
20.444	7.629
20.512	7.568
20.580	7.508
20.646	7.450
20.711	7.392
20.774	7.336
20.837	7.281
20.898	7.227
20.959	7.174
21.018	7.122
21.077	7.070
21.134	7.020
21.191	6.970
21.248	6.921
21.304	6.873
21.359	6.825
21.414	6.777
21.469	6.730
21.523	6.683
21.578	6.637
21.632	6.591
21.686	6.544
21.741	6.498
21.796	6.452
21.851	6.406
21.906	6.359
21.962	6.313
22.018	6.266
22.075	6.218
22.133	6.171
22.191	6.123
22.250	6.074
22.310	6.025
22.370	5.976
22.430	5.926
22.492	5.876
22.553	5.826
22.616	5.775
22.678	5.724
22.741	5.673
22.805	5.621
22.869	5.569
22.934	5.516
22.999	5.463
23.064	5.410
23.130	5.357
23.196	5.303
23.262	5.249
23.329	5.194
23.396	5.139
23.463	5.084
23.531	5.029
23.599	4.973
23.667	4.917
23.735	4.860
23.804	4.804
23.872	4.747
23.941	4.690
24.010	4.632
24.079	4.575
24.148	4.518
24.216	4.461
24.285	4.404
24.354	4.347
24.422	4.290
24.490	4.234
24.558	4.178
24.626	4.122
24.693	4.067
24.760	4.012
24.827	3.958
24.893	3.905
24.958	3.852
25.024	3.800
25.088	3.748
25.152	3.697
25.216	3.647
25.278	3.599
25.340	3.551
25.402	3.504
25.462	3.458
25.522	3.413
25.581	3.369
25.639	3.327
25.696	3.285
25.753	3.244
25.810	3.205
25.866	3.166
25.922	3.127
25.977	3.090
26.032	3.053
26.087	3.017
26.142	2.982
26.197	2.947
26.253	2.912
26.308	2.878
26.363	2.845
26.419	2.811
26.475	2.778
26.531	2.746
26.588	2.713
26.645	2.681
26.703	2.649
26.761	2.616
26.820	2.584
26.880	2.553
26.940	2.521
27.000	2.489
27.061	2.458
27.122	2.426
27.184	2.395
27.246	2.364
27.308	2.333
27.370	2.302
27.433	2.271
27.496	2.240
27.559	2.210
27.623	2.180
27.686	2.150
27.750	2.120
27.813	2.090
27.877	2.060
27.941	2.030
28.004	2.001
28.068	1.972
28.131	1.943
28.195	1.915
28.258	1.886
28.321	1.858
28.385	1.831
28.448	1.804
28.511	1.778
28.573	1.753
28.636	1.728
28.699	1.704
28.761	1.681
28.823	1.658
28.885	1.637
28.947	1.617
29.009	1.597
29.070	1.579
29.131	1.563
29.192	1.547
29.253	1.533
29.313	1.520
29.373	1.508
29.433	1.498
29.493	1.489
29.553	1.481
29.613	1.473
29.672	1.467
29.732	1.462
29.792	1.457
29.851	1.452
29.911	1.448
29.971	1.444
30.032	1.441
30.092	1.437
30.153	1.433
30.214	1.430
30.276	1.426
30.338	1.421
30.400	1.416
30.463	1.411
30.527	1.405
30.591	1.398
30.655	1.391
30.720	1.384
30.784	1.376
30.849	1.368
30.913	1.360
30.978	1.353
31.042	1.345
31.106	1.338
31.170	1.331
31.233	1.324
31.295	1.319
31.357	1.313
31.418	1.309
31.478	1.305
31.537	1.303
31.595	1.301
31.652	1.301
31.707	1.302
31.761	1.304
31.814	1.308
31.865	1.313
31.915	1.320
31.962	1.329
32.007	1.340
32.051	1.353
32.092	1.368
32.130	1.385
32.166	1.404
32.199	1.426
32.230	1.451
32.258	1.478
32.282	1.507
32.303	1.540
32.322	1.575
32.338	1.614
32.352	1.655
32.363	1.698
32.372	1.745
32.379	1.795
32.384	1.847
32.387	1.902
32.389	1.961
32.389	2.022
32.389	2.086
32.387	2.153
32.385	2.222
32.381	2.295
32.378	2.371
32.373	2.450
32.369	2.531
32.364	2.615
32.359	2.702
32.353	2.791
32.347	2.883
32.341	2.976
32.334	3.072
32.327	3.169
32.320	3.269
32.312	3.369
32.304	3.471
32.295	3.575
32.286	3.679
32.276	3.785
32.266	3.891
32.256	3.998
32.245	4.106
32.233	4.214
32.221	4.322
32.209	4.431
32.196	4.539
32.183	4.647
32.169	4.755
32.155	4.863
32.140	4.970
32.125	5.076
32.109	5.181
32.092	5.286
32.075	5.389
32.058	5.491
32.040	5.591
32.021	5.690
32.002	5.788
31.982	5.884
31.962	5.978
31.942	6.071
31.920	6.163
31.899	6.254
31.877	6.344
31.854	6.432
31.831	6.519
31.808	6.605
31.784	6.691
31.760	6.775
31.735	6.858
31.710	6.941
31.685	7.022
31.659	7.103
31.633	7.183
31.607	7.263
31.581	7.342
31.554	7.420
31.527	7.498
31.499	7.576
31.471	7.653
31.444	7.729
31.415	7.806
31.387	7.882
31.358	7.958
31.330	8.033
31.301	8.109
31.272	8.184
31.243	8.259
31.214	8.333
31.185	8.408
31.156	8.481
31.128	8.555
31.099	8.628
31.071	8.700
31.043	8.772
31.015	8.843
30.988	8.914
30.961	8.984
30.935	9.054
30.909	9.122
30.883	9.190
30.859	9.258
30.834	9.324
30.811	9.390
30.788	9.454
30.766	9.518
30.745	9.581
30.724	9.643
30.704	9.704
30.685	9.764
30.666	9.824
30.648	9.882
30.629	9.940
30.610	9.998
30.591	10.054
30.571	10.110
30.550	10.166
30.529	10.221
30.507	10.276
30.483	10.331
30.458	10.385
30.431	10.439
30.403	10.493
30.373	10.547
30.340	10.600
30.305	10.654
30.268	10.708
30.228	10.761
30.186	10.815
30.142	10.869
30.095	10.922
30.046	10.975
29.995	11.028
29.942	11.080
29.887	11.131
29.830	11.182
29.771	11.232
29.710	11.281
29.648	11.330
29.584	11.377
29.518	11.423
29.450	11.468
29.382	11.512
29.311	11.555
29.239	11.596
29.166	11.635
29.092	11.673
29.017	11.710
28.940	11.744
28.862	11.777
28.784	11.808
28.704	11.837
28.624	11.864
28.542	11.889
28.460	11.913
28.377	11.935
28.293	11.956
28.208	11.975
28.123	11.992
28.037	12.009
27.950	12.024
27.863	12.038
27.775	12.050
27.686	12.062
27.597	12.073
27.507	12.083
27.417	12.092
27.327	12.100
27.236	12.108
27.144	12.114
27.052	12.121
26.960	12.127
26.868	12.132
26.775	12.137
26.682	12.142
26.589	12.146
26.495	12.151
26.402	12.155
26.308	12.159
26.214	12.164
26.120	12.168
26.026	12.172
25.932	12.176
25.838	12.180
25.743	12.184
25.648	12.188
25.553	12.192
25.458	12.196
25.362	12.199
25.267	12.203
25.170	12.206
25.074	12.210
24.977	12.213
24.881	12.215
24.783	12.218
24.686	12.221
24.588	12.223
24.489	12.225
24.391	12.227
24.292	12.228
24.192	12.230
24.092	12.231
23.992	12.231
23.891	12.232
23.790	12.232
23.689	12.232
23.587	12.231
23.484	12.230
23.381	12.229
23.277	12.228
23.173	12.226
23.069	12.223
22.965	12.220
22.860	12.217
22.755	12.213
22.651	12.209
22.546	12.204
22.441	12.198
22.337	12.192
22.233	12.185
22.130	12.177
22.027	12.168
21.924	12.159
21.822	12.149
21.721	12.138
21.621	12.126
21.521	12.113
21.423	12.099
21.325	12.085
21.229	12.069
21.133	12.052
21.039	12.034
20.947	12.015
20.856	11.995
20.766	11.974
20.678	11.951
20.592	11.927
20.507	11.902
20.424	11.876
20.343	11.848
20.264	11.819
20.187	11.789
20.112	11.758
20.038	11.726
19.966	11.693
19.896	11.660
19.828	11.627
19.761	11.593
19.696	11.559
19.633	11.525
19.571	11.491
19.510	11.458
19.451	11.425
19.393	11.393
19.336	11.362
19.281	11.332
19.227	11.303
19.174	11.275
19.122	11.249
19.072	11.224
19.022	11.201
18.973	11.180
18.926	11.160
18.880	11.143
18.835	11.126
18.792	11.109
18.750	11.093
18.711	11.077
18.673	11.059
18.638	11.041
18.606	11.021
18.576	10.999
18.550	10.975
18.526	10.948
18.505	10.918
18.488	10.885
18.474	10.849
18.463	10.811
18.454	10.771
18.447	10.731
18.442	10.690
18.439	10.649
18.437	10.609
18.437	10.571
18.437	10.534
18.437	10.501
18.438	10.470
18.439	10.442
18.439	10.417
18.440	10.394
18.440	10.371
18.440	10.349
18.439	10.326
18.438	10.302
18.436	10.276
18.434	10.247
18.431	10.217
18.429	10.185
18.427	10.152
18.426	10.116
18.425	10.080
18.426	10.043
18.428	10.004
18.432	9.965
18.438	9.925
