X	Y
28.908	19.412
29.052	19.331
29.230	19.263
29.437	19.206
29.671	19.159
29.929	19.122
30.207	19.094
30.502	19.074
30.812	19.063
31.132	19.058
31.460	19.060
31.792	19.068
32.126	19.081
32.459	19.099
32.786	19.120
33.106	19.145
33.414	19.172
33.710	19.201
33.996	19.233
34.272	19.266
34.541	19.301
34.804	19.338
35.062	19.376
35.318	19.415
35.571	19.456
35.826	19.498
36.081	19.541
36.340	19.585
36.604	19.630
36.874	19.676
37.151	19.722
37.439	19.768
37.735	19.816
38.038	19.864
38.347	19.914
38.658	19.967
38.971	20.022
39.281	20.081
39.589	20.144
39.891	20.212
40.185	20.285
40.469	20.363
40.742	20.448
41.000	20.540
41.242	20.639
41.466	20.746
41.669	20.861
41.850	20.986
42.008	21.119
42.145	21.258
42.264	21.401
42.366	21.545
42.454	21.688
42.529	21.828
42.593	21.963
42.649	22.090
42.698	22.206
42.742	22.313
42.780	22.412
42.812	22.508
42.836	22.605
42.852	22.706
42.859	22.816
42.857	22.936
42.851	23.065
42.842	23.200
42.835	23.340
42.833	23.483
42.839	23.626
42.855	23.769
42.885	23.910
42.930	24.048
42.987	24.184
43.057	24.319
43.138	24.453
43.229	24.587
43.331	24.721
43.442	24.857
43.561	24.994
43.687	25.133
43.814	25.273
43.939	25.414
44.056	25.554
44.161	25.694
44.250	25.833
44.317	25.969
44.359	26.103
44.369	26.233
44.347	26.359
44.296	26.481
44.220	26.598
44.125	26.709
44.015	26.815
43.896	26.914
43.772	27.007
43.648	27.092
43.528	27.171
43.411	27.247
43.298	27.324
43.189	27.403
43.084	27.489
42.983	27.585
42.886	27.694
42.794	27.819
42.707	27.959
42.624	28.112
42.544	28.276
42.468	28.448
42.395	28.625
42.325	28.806
42.257	28.988
42.191	29.167
42.126	29.343
42.063	29.512
42.002	29.674
41.943	29.831
41.887	29.983
41.836	30.132
41.789	30.279
41.748	30.426
41.713	30.573
41.686	30.722
41.666	30.875
41.655	31.030
41.653	31.189
41.659	31.351
41.674	31.516
41.698	31.683
41.731	31.853
41.773	32.025
41.825	32.199
41.887	32.376
41.958	32.554
42.035	32.733
42.118	32.912
42.204	33.091
42.291	33.269
42.378	33.445
42.464	33.619
42.545	33.790
42.621	33.957
42.690	34.120
42.750	34.278
42.800	34.432
42.840	34.583
42.869	34.732
42.887	34.879
42.893	35.026
42.887	35.174
42.868	35.322
42.835	35.473
42.790	35.625
42.735	35.774
42.671	35.917
42.601	36.051
42.527	36.173
42.450	36.279
42.373	36.367
42.297	36.433
42.221	36.477
42.140	36.498
42.050	36.497
41.947	36.475
41.829	36.432
41.696	36.370
41.555	36.291
41.409	36.200
41.262	36.098
41.120	35.988
40.986	35.873
40.866	35.755
40.763	35.638
40.680	35.524
40.615	35.415
40.562	35.312
40.517	35.216
40.474	35.130
40.429	35.055
40.377	34.991
40.319	34.941
40.255	34.903
40.187	34.878
40.118	34.867
40.049	34.872
39.983	34.899
39.922	34.951
39.868	35.031
39.817	35.131
39.764	35.242
39.703	35.352
39.631	35.449
39.541	35.524
39.429	35.565
39.296	35.570
39.147	35.544
38.989	35.491
38.827	35.416
38.667	35.322
38.514	35.216
38.375	35.101
38.256	34.982
38.161	34.862
38.085	34.746
38.022	34.636
37.963	34.532
37.901	34.438
37.826	34.355
37.732	34.286
37.613	34.233
37.474	34.196
37.321	34.178
37.163	34.178
37.006	34.198
36.858	34.240
36.727	34.303
36.618	34.390
36.538	34.499
36.482	34.629
36.447	34.775
36.429	34.934
36.426	35.103
36.433	35.278
36.447	35.457
36.463	35.636
36.479	35.811
36.491	35.980
36.496	36.140
36.490	36.289
36.471	36.424
36.435	36.544
36.378	36.645
36.299	36.725
36.195	36.784
36.074	36.819
35.943	36.833
35.813	36.826
35.690	36.798
35.584	36.749
35.503	36.681
35.445	36.597
35.400	36.500
35.360	36.396
35.314	36.291
35.253	36.188
35.168	36.092
35.057	36.009
34.927	35.941
34.786	35.894
34.641	35.871
34.500	35.877
34.371	35.914
34.260	35.989
34.172	36.099
34.102	36.235
34.044	36.386
33.994	36.542
33.944	36.691
33.891	36.823
33.829	36.928
33.752	36.993
33.659	37.019
33.555	37.017
33.445	37.000
33.334	36.981
33.228	36.973
33.131	36.988
33.050	37.027
32.988	37.087
32.950	37.162
32.942	37.246
32.961	37.335
32.994	37.426
33.024	37.515
33.035	37.598
33.012	37.672
32.948	37.734
32.849	37.784
32.723	37.819
32.579	37.839
32.425	37.843
32.267	37.830
32.114	37.798
31.970	37.747
31.834	37.678
31.707	37.591
31.589	37.489
31.479	37.370
31.376	37.237
31.282	37.089
31.195	36.928
31.115	36.755
31.042	36.570
30.976	36.376
30.915	36.175
30.860	35.968
30.809	35.756
30.763	35.542
30.721	35.328
30.683	35.115
30.647	34.904
30.613	34.698
30.582	34.498
30.551	34.307
30.519	34.127
30.483	33.960
30.440	33.811
30.388	33.681
30.325	33.574
30.247	33.492
30.152	33.439
30.039	33.413
29.913	33.408
29.779	33.413
29.640	33.421
29.501	33.420
29.368	33.404
29.244	33.361
29.134	33.286
29.037	33.179
28.951	33.043
28.876	32.880
28.809	32.693
28.750	32.485
28.696	32.260
28.647	32.018
28.600	31.764
28.555	31.500
28.510	31.229
28.464	30.954
28.415	30.676
28.365	30.396
28.314	30.116
28.263	29.835
28.211	29.556
28.160	29.278
28.110	29.003
28.061	28.732
28.014	28.465
27.970	28.203
27.928	27.948
27.890	27.700
27.855	27.459
27.825	27.228
27.800	27.006
27.780	26.793
27.764	26.589
27.754	26.391
27.749	26.200
27.748	26.013
27.752	25.830
27.761	25.650
27.775	25.471
27.794	25.293
27.817	25.114
27.845	24.933
27.877	24.751
27.912	24.566
27.950	24.379
27.990	24.189
28.032	23.997
28.075	23.801
28.118	23.603
28.160	23.401
28.202	23.195
28.243	22.986
28.281	22.773
28.317	22.559
28.350	22.346
28.381	22.136
28.408	21.932
28.431	21.734
28.451	21.547
28.467	21.371
28.479	21.209
28.486	21.063
28.488	20.936
28.487	20.825
28.484	20.728
28.482	20.640
28.483	20.559
28.490	20.480
28.503	20.400
28.520	20.317
28.540	20.231
28.561	20.138
28.580	20.039
28.599	19.933
28.624	19.823
28.662	19.713
28.718	19.605
28.798	19.504
28.908	19.412
