X	Y
338.667	180.000
339.165	178.932
340.033	177.902
341.170	176.872
342.470	175.805
343.832	174.664
345.152	173.411
346.327	172.009
347.279	170.429
348.030	168.682
348.629	166.786
349.124	164.760
349.563	162.623
349.996	160.394
350.470	158.092
351.034	155.735
351.737	153.343
352.625	150.935
353.725	148.523
355.023	146.110
356.499	143.695
358.138	141.282
359.921	138.870
361.830	136.460
363.847	134.055
365.956	131.655
368.138	129.261
370.375	126.874
372.650	124.496
374.945	122.127
377.242	119.769
379.526	117.423
381.797	115.084
384.062	112.749
386.329	110.412
388.604	108.068
390.895	105.713
393.209	103.342
395.554	100.950
397.936	98.532
400.362	96.083
402.840	93.599
405.377	91.074
407.980	88.503
410.657	85.883
413.414	83.208
416.258	80.473
419.188	77.681
422.194	74.841
425.268	71.962
428.399	69.053
431.579	66.123
434.798	63.180
438.046	60.235
441.316	57.295
444.597	54.370
447.880	51.468
451.156	48.599
454.415	45.772
457.648	42.995
460.846	40.278
464.000	37.630
467.100	35.059
470.137	32.574
473.102	30.185
475.987	27.899
478.800	25.720
481.551	23.647
484.250	21.683
486.909	19.828
489.536	18.084
492.144	16.450
494.742	14.930
497.341	13.522
499.952	12.230
502.585	11.053
505.250	9.992
507.959	9.050
510.721	8.226
513.541	7.519
516.400	6.922
519.278	6.426
522.157	6.021
525.014	5.699
527.831	5.450
530.588	5.266
533.263	5.137
535.837	5.056
538.290	5.012
540.602	4.997
542.752	5.002
544.719	5.032
546.480	5.125
548.009	5.320
549.281	5.659
550.274	6.183
550.961	6.933
551.335	7.938
551.468	9.168
551.458	10.573
551.402	12.105
551.398	13.714
551.545	15.351
551.934	16.969
552.580	18.542
553.439	20.063
554.464	21.525
555.609	22.920
556.828	24.242
558.074	25.484
559.302	26.637
560.468	27.703
561.549	28.710
562.525	29.696
563.377	30.698
564.085	31.754
564.630	32.900
565.002	34.162
565.245	35.496
565.418	36.838
565.580	38.124
565.791	39.289
566.110	40.271
566.576	41.050
567.192	41.684
567.958	42.240
568.873	42.784
569.922	43.364
571.057	43.989
572.225	44.667
573.376	45.402
574.456	46.200
575.415	47.067
576.225	48.009
576.887	49.032
577.402	50.145
577.772	51.355
578.000	52.667
578.083	54.083
578.008	55.570
577.756	57.089
577.310	58.601
576.651	60.066
575.763	61.446
574.627	62.700
573.245	63.814
571.653	64.811
569.885	65.718
567.981	66.563
565.977	67.373
563.910	68.176
561.818	68.998
559.738	69.867
557.706	70.811
555.753	71.845
553.888	72.954
552.117	74.119
550.446	75.320
548.883	76.538
547.434	77.753
546.104	78.946
544.901	80.097
543.831	81.188
542.920	82.219
542.216	83.209
541.764	84.179
541.611	85.150
541.801	86.143
542.282	87.164
542.899	88.210
543.493	89.273
543.906	90.349
543.980	91.430
543.665	92.506
543.044	93.557
542.213	94.564
541.264	95.508
540.292	96.369
539.376	97.145
538.541	97.895
537.800	98.690
537.166	99.602
536.654	100.702
536.269	102.040
535.999	103.587
535.822	105.296
535.720	107.118
535.673	109.005
535.661	110.911
535.665	112.788
535.665	114.588
535.670	116.275
535.726	117.834
535.886	119.251
536.203	120.509
536.727	121.596
537.511	122.495
538.548	123.221
539.701	123.848
540.817	124.458
541.741	125.134
542.318	125.960
542.433	126.996
542.138	128.210
541.537	129.542
540.730	130.931
539.822	132.317
538.913	133.640
538.101	134.848
537.429	135.959
536.906	137.036
536.545	138.141
536.356	139.335
536.349	140.680
536.532	142.196
536.903	143.814
537.459	145.458
538.198	147.052
539.118	148.518
540.215	149.781
541.487	150.762
542.920	151.427
544.459	151.854
546.046	152.144
547.621	152.397
549.125	152.713
550.497	153.192
551.681	153.933
552.643	154.978
553.396	156.271
553.958	157.750
554.346	159.350
554.576	161.008
554.666	162.662
554.633	164.248
554.486	165.738
554.232	167.128
553.875	168.414
553.420	169.593
552.873	170.662
552.241	171.620
551.561	172.505
550.888	173.377
550.276	174.297
549.783	175.329
549.457	176.526
549.295	177.881
549.262	179.346
549.322	180.875
549.438	182.422
549.575	183.940
549.696	185.383
549.770	186.725
549.771	187.984
549.673	189.181
549.452	190.335
549.082	191.468
548.543	192.598
547.839	193.716
546.988	194.806
546.007	195.851
544.912	196.834
543.721	197.738
542.450	198.546
541.114	199.254
539.725	199.864
538.297	200.376
536.843	200.792
535.375	201.115
533.908	201.345
532.449	201.479
530.997	201.494
529.547	201.364
528.093	201.062
526.630	200.562
525.153	199.837
523.656	198.862
522.134	197.647
520.576	196.244
518.973	194.706
517.318	193.085
515.600	191.436
513.811	189.811
511.942	188.264
509.983	186.848
507.926	185.617
505.762	184.622
503.493	183.882
501.135	183.374
498.705	183.072
496.220	182.948
493.698	182.977
491.154	183.132
488.605	183.386
486.070	183.715
483.564	184.090
481.104	184.486
478.707	184.878
476.376	185.262
474.103	185.655
471.879	186.075
469.695	186.539
467.542	187.064
465.413	187.669
463.298	188.370
461.189	189.185
459.076	190.131
456.952	191.225
454.818	192.459
452.683	193.802
450.559	195.221
448.457	196.683
446.387	198.156
444.360	199.607
442.388	201.004
440.480	202.312
438.648	203.501
436.902	204.537
435.250	205.394
433.677	206.093
432.160	206.670
430.676	207.163
429.203	207.607
427.717	208.040
426.195	208.499
424.617	209.017
422.977	209.595
421.284	210.211
419.545	210.845
417.768	211.475
415.959	212.078
414.128	212.633
412.281	213.119
410.425	213.514
408.557	213.813
406.659	214.026
404.715	214.163
402.709	214.235
400.622	214.252
398.438	214.226
396.141	214.167
393.713	214.086
391.137	213.993
388.407	213.897
385.549	213.799
382.594	213.700
379.575	213.598
376.524	213.495
373.473	213.390
370.454	213.283
367.501	213.174
364.644	213.064
361.916	212.951
359.350	212.836
356.977	212.719
354.828	212.599
352.910	212.453
351.206	212.241
349.702	211.923
348.380	211.457
347.225	210.803
346.222	209.919
345.353	208.771
344.604	207.370
343.962	205.754
343.412	203.958
342.941	202.020
342.534	199.975
342.178	197.861
341.859	195.714
341.563	193.570
341.281	191.480
341.013	189.510
340.760	187.729
340.521	186.207
340.298	185.012
340.089	184.213
339.892	183.859
339.633	183.630
339.242	183.059
338.844	182.178
338.599	181.115
338.667	180.000
