X	Y
55.355	29.166
55.397	28.998
55.456	28.819
55.533	28.631
55.625	28.434
55.733	28.229
55.855	28.016
55.992	27.796
56.142	27.570
56.305	27.337
56.480	27.100
56.667	26.859
56.864	26.613
57.072	26.364
57.288	26.113
57.514	25.860
57.748	25.605
57.989	25.350
58.236	25.095
58.490	24.841
58.749	24.587
59.013	24.336
59.281	24.087
59.552	23.842
59.826	23.600
60.102	23.363
60.380	23.130
60.659	22.902
60.939	22.679
61.221	22.459
61.504	22.243
61.788	22.031
62.074	21.822
62.361	21.616
62.648	21.413
62.937	21.212
63.227	21.014
63.518	20.817
63.809	20.623
64.101	20.430
64.394	20.239
64.688	20.048
64.982	19.859
65.277	19.670
65.572	19.481
65.868	19.292
66.164	19.104
66.460	18.915
66.757	18.725
67.053	18.534
67.350	18.343
67.647	18.150
67.944	17.955
68.241	17.758
68.538	17.560
68.834	17.359
69.131	17.156
69.427	16.952
69.723	16.746
70.019	16.540
70.314	16.332
70.610	16.125
70.905	15.917
71.200	15.710
71.495	15.503
71.790	15.297
72.084	15.092
72.378	14.888
72.672	14.686
72.966	14.487
73.259	14.289
73.552	14.094
73.845	13.903
74.137	13.714
74.430	13.529
74.722	13.348
75.013	13.171
75.304	12.999
75.596	12.831
75.886	12.668
76.177	12.511
76.467	12.359
76.756	12.214
77.046	12.074
77.335	11.941
77.623	11.814
77.912	11.693
78.200	11.578
78.487	11.468
78.774	11.363
79.061	11.263
79.347	11.168
79.632	11.077
79.918	10.991
80.202	10.909
80.486	10.831
80.770	10.756
81.053	10.685
81.335	10.617
81.617	10.552
81.899	10.489
82.179	10.429
82.459	10.372
82.739	10.317
83.017	10.263
83.295	10.211
83.573	10.161
83.849	10.111
84.125	10.063
84.400	10.016
84.674	9.971
84.947	9.928
85.218	9.888
85.487	9.850
85.754	9.816
86.020	9.786
86.283	9.759
86.543	9.737
86.801	9.720
87.057	9.707
87.309	9.701
87.558	9.700
87.803	9.705
88.045	9.717
88.283	9.736
88.517	9.762
88.748	9.796
88.973	9.838
89.194	9.888
89.411	9.947
89.623	10.015
89.829	10.091
90.031	10.176
90.227	10.269
90.417	10.370
90.602	10.478
90.782	10.595
90.955	10.720
91.123	10.852
91.284	10.991
91.438	11.138
91.587	11.293
91.728	11.454
91.863	11.622
91.991	11.797
92.112	11.979
92.226	12.167
92.332	12.362
92.431	12.563
92.524	12.770
92.609	12.983
92.687	13.201
92.759	13.425
92.823	13.654
92.881	13.887
92.932	14.126
92.977	14.368
93.015	14.615
93.047	14.867
93.072	15.122
93.092	15.380
93.105	15.642
93.111	15.907
93.112	16.176
93.107	16.447
93.096	16.720
93.079	16.996
93.056	17.274
93.027	17.553
92.993	17.832
92.953	18.112
92.907	18.391
92.856	18.668
92.799	18.944
92.736	19.217
92.668	19.488
92.594	19.754
92.514	20.017
92.429	20.274
92.339	20.526
92.242	20.772
92.141	21.011
92.034	21.243
91.922	21.467
91.804	21.682
91.681	21.888
91.552	22.085
91.419	22.271
91.280	22.446
91.137	22.611
90.992	22.767
90.845	22.915
90.699	23.056
90.554	23.191
90.411	23.320
90.273	23.445
90.140	23.567
90.013	23.686
89.894	23.803
89.785	23.920
89.686	24.037
89.600	24.155
89.526	24.276
89.467	24.399
89.420	24.525
89.383	24.655
89.354	24.786
89.331	24.920
89.312	25.056
89.293	25.194
89.274	25.333
89.251	25.474
89.223	25.616
89.186	25.759
89.140	25.902
89.082	26.046
89.015	26.190
88.937	26.333
88.850	26.474
88.755	26.614
88.652	26.751
88.542	26.885
88.426	27.015
88.304	27.142
88.176	27.263
88.044	27.380
87.908	27.490
87.769	27.595
87.627	27.692
87.483	27.783
87.339	27.869
87.195	27.951
87.052	28.031
86.912	28.108
86.774	28.184
86.641	28.261
86.512	28.340
86.390	28.420
86.275	28.505
86.168	28.594
86.070	28.689
85.981	28.790
85.900	28.897
85.826	29.010
85.755	29.127
85.687	29.248
85.619	29.372
85.549	29.498
85.475	29.625
85.396	29.752
85.309	29.880
85.213	30.006
85.105	30.130
84.985	30.252
84.852	30.371
84.710	30.488
84.559	30.603
84.400	30.715
84.235	30.825
84.065	30.933
83.893	31.038
83.718	31.142
83.543	31.244
83.369	31.344
83.197	31.442
83.029	31.538
82.867	31.633
82.711	31.727
82.563	31.818
82.423	31.909
82.291	31.998
82.165	32.085
82.044	32.170
81.928	32.253
81.814	32.334
81.702	32.413
81.590	32.489
81.479	32.563
81.366	32.634
81.250	32.703
81.130	32.768
81.006	32.830
80.877	32.890
80.743	32.946
80.602	32.999
80.456	33.049
80.303	33.095
80.143	33.139
79.976	33.178
79.800	33.215
79.617	33.247
79.425	33.277
79.224	33.302
79.013	33.325
78.793	33.343
78.562	33.358
78.323	33.369
78.076	33.376
77.820	33.381
77.558	33.381
77.289	33.379
77.014	33.374
76.734	33.366
76.449	33.355
76.160	33.341
75.868	33.324
75.574	33.305
75.277	33.283
74.979	33.259
74.680	33.233
74.381	33.204
74.082	33.174
73.785	33.141
73.489	33.107
73.196	33.070
72.905	33.032
72.619	32.993
72.336	32.951
72.058	32.909
71.785	32.866
71.515	32.823
71.249	32.780
70.988	32.737
70.729	32.696
70.474	32.656
70.222	32.619
69.973	32.583
69.727	32.551
69.484	32.523
69.243	32.498
69.004	32.478
68.767	32.463
68.532	32.453
68.299	32.448
68.067	32.450
67.837	32.459
67.608	32.475
67.379	32.499
67.152	32.531
66.925	32.569
66.698	32.615
66.472	32.666
66.245	32.722
66.018	32.782
65.791	32.845
65.562	32.910
65.333	32.977
65.103	33.045
64.871	33.112
64.638	33.179
64.403	33.243
64.166	33.305
63.926	33.364
63.684	33.418
63.440	33.467
63.192	33.510
62.942	33.546
62.688	33.575
62.431	33.596
62.171	33.608
61.908	33.613
61.644	33.611
61.378	33.601
61.112	33.585
60.845	33.562
60.579	33.534
60.313	33.499
60.048	33.459
59.785	33.413
59.525	33.362
59.267	33.307
59.012	33.248
58.762	33.184
58.515	33.116
58.274	33.045
58.038	32.971
57.807	32.894
57.584	32.814
57.367	32.732
57.157	32.648
56.956	32.562
56.763	32.474
56.581	32.384
56.409	32.293
56.248	32.199
56.100	32.104
55.964	32.008
55.842	31.910
55.735	31.811
55.643	31.710
55.566	31.608
55.507	31.505
55.465	31.400
55.440	31.295
55.430	31.188
55.430	31.081
55.437	30.973
55.449	30.865
55.461	30.757
55.471	30.648
55.476	30.540
55.471	30.431
55.458	30.323
55.437	30.213
55.412	30.102
55.385	29.987
55.361	29.867
55.340	29.742
55.326	29.610
55.322	29.471
55.331	29.323
55.355	29.166
