X	Y
26.192	8.320
26.208	8.284
26.226	8.246
26.248	8.208
26.274	8.168
26.302	8.127
26.333	8.085
26.367	8.043
26.403	8.000
26.442	7.956
26.483	7.912
26.527	7.867
26.572	7.822
26.619	7.776
26.669	7.731
26.719	7.685
26.772	7.639
26.825	7.593
26.880	7.547
26.936	7.501
26.994	7.455
27.051	7.410
27.110	7.365
27.169	7.320
27.229	7.276
27.289	7.233
27.349	7.190
27.409	7.148
27.469	7.107
27.529	7.067
27.589	7.027
27.649	6.988
27.709	6.950
27.770	6.912
27.831	6.875
27.892	6.838
27.953	6.802
28.015	6.766
28.077	6.731
28.140	6.697
28.203	6.662
28.267	6.628
28.331	6.595
28.396	6.562
28.461	6.528
28.528	6.496
28.595	6.463
28.663	6.430
28.732	6.398
28.802	6.366
28.873	6.333
28.945	6.301
29.018	6.269
29.092	6.237
29.167	6.204
29.243	6.172
29.321	6.139
29.400	6.106
29.480	6.073
29.562	6.040
29.645	6.006
29.729	5.972
29.815	5.938
29.903	5.904
29.991	5.869
30.081	5.834
30.172	5.799
30.264	5.764
30.357	5.729
30.452	5.693
30.547	5.657
30.644	5.622
30.741	5.586
30.840	5.550
30.939	5.513
31.040	5.477
31.141	5.441
31.243	5.404
31.346	5.368
31.449	5.331
31.554	5.295
31.659	5.258
31.765	5.222
31.871	5.185
31.978	5.149
32.085	5.112
32.193	5.076
32.302	5.040
32.411	5.003
32.520	4.967
32.630	4.931
32.740	4.895
32.850	4.859
32.961	4.824
33.071	4.788
33.182	4.753
33.294	4.718
33.405	4.683
33.516	4.648
33.628	4.613
33.739	4.579
33.851	4.545
33.962	4.511
34.074	4.478
34.185	4.445
34.296	4.412
34.407	4.379
34.518	4.347
34.628	4.315
34.739	4.283
34.849	4.251
34.959	4.220
35.069	4.189
35.178	4.159
35.288	4.129
35.397	4.099
35.506	4.069
35.615	4.039
35.724	4.010
35.833	3.981
35.941	3.953
36.050	3.924
36.158	3.896
36.266	3.868
36.374	3.840
36.481	3.813
36.589	3.786
36.697	3.759
36.804	3.732
36.911	3.705
37.018	3.679
37.125	3.653
37.232	3.627
37.339	3.601
37.445	3.576
37.552	3.550
37.658	3.525
37.765	3.500
37.871	3.475
37.977	3.451
38.083	3.426
38.189	3.402
38.294	3.378
38.400	3.354
38.506	3.330
38.611	3.307
38.717	3.283
38.822	3.260
38.927	3.237
39.033	3.214
39.138	3.191
39.243	3.168
39.348	3.145
39.453	3.123
39.558	3.100
39.663	3.078
39.767	3.056
39.872	3.034
39.976	3.013
40.080	2.991
40.184	2.970
40.288	2.949
40.391	2.928
40.494	2.908
40.596	2.888
40.698	2.868
40.800	2.849
40.901	2.830
41.002	2.811
41.102	2.793
41.202	2.775
41.301	2.758
41.399	2.742
41.497	2.725
41.594	2.710
41.690	2.695
41.786	2.680
41.881	2.666
41.975	2.653
42.068	2.640
42.161	2.628
42.252	2.616
42.343	2.605
42.433	2.595
42.521	2.586
42.609	2.577
42.696	2.570
42.781	2.563
42.866	2.556
42.949	2.551
43.031	2.546
43.112	2.543
43.192	2.540
43.271	2.538
43.348	2.537
43.424	2.537
43.499	2.538
43.572	2.539
43.645	2.542
43.716	2.545
43.786	2.550
43.855	2.555
43.923	2.561
43.989	2.567
44.055	2.575
44.120	2.583
44.184	2.592
44.247	2.602
44.308	2.612
44.370	2.623
44.430	2.635
44.489	2.647
44.548	2.660
44.605	2.674
44.663	2.688
44.719	2.702
44.775	2.718
44.830	2.733
44.884	2.750
44.938	2.767
44.991	2.784
45.044	2.802
45.096	2.820
45.148	2.838
45.198	2.858
45.248	2.878
45.297	2.899
45.344	2.920
45.391	2.943
45.436	2.966
45.479	2.991
45.520	3.017
45.560	3.044
45.598	3.072
45.634	3.102
45.668	3.133
45.699	3.166
45.728	3.200
45.754	3.236
45.778	3.273
45.799	3.313
45.817	3.354
45.831	3.398
45.843	3.443
45.852	3.490
45.859	3.539
45.863	3.589
45.865	3.641
45.864	3.694
45.862	3.749
45.857	3.804
45.851	3.861
45.844	3.919
45.835	3.978
45.824	4.037
45.813	4.097
45.801	4.158
45.788	4.219
45.774	4.280
45.760	4.342
45.746	4.404
45.731	4.466
45.716	4.528
45.702	4.590
45.688	4.652
45.674	4.713
45.661	4.774
45.649	4.834
45.637	4.894
45.626	4.954
45.616	5.013
45.605	5.072
45.596	5.131
45.587	5.189
45.578	5.248
45.569	5.306
45.561	5.364
45.553	5.423
45.545	5.481
45.538	5.539
45.530	5.598
45.523	5.656
45.516	5.715
45.509	5.774
45.501	5.834
45.494	5.894
45.486	5.954
45.479	6.014
45.471	6.075
45.463	6.137
45.454	6.199
45.446	6.262
45.437	6.325
45.427	6.389
45.418	6.454
45.407	6.519
45.397	6.585
45.386	6.651
45.374	6.718
45.362	6.785
45.350	6.853
45.337	6.921
45.324	6.989
45.310	7.058
45.296	7.127
45.281	7.196
45.265	7.266
45.250	7.335
45.233	7.405
45.216	7.475
45.198	7.545
45.180	7.615
45.161	7.686
45.142	7.756
45.122	7.826
45.101	7.896
45.079	7.966
45.057	8.036
45.035	8.106
45.011	8.176
44.987	8.245
44.962	8.314
44.936	8.383
44.910	8.452
44.883	8.520
44.855	8.588
44.826	8.656
44.797	8.723
44.766	8.789
44.735	8.855
44.703	8.921
44.670	8.986
44.636	9.050
44.601	9.113
44.565	9.176
44.528	9.238
44.490	9.299
44.451	9.360
44.411	9.419
44.370	9.478
44.328	9.535
44.285	9.592
44.240	9.648
44.195	9.702
44.148	9.755
44.100	9.808
44.051	9.859
44.001	9.908
43.950	9.957
43.897	10.004
43.843	10.050
43.788	10.095
43.731	10.138
43.673	10.179
43.614	10.220
43.554	10.259
43.492	10.297
43.430	10.333
43.366	10.369
43.302	10.404
43.237	10.437
43.170	10.470
43.104	10.502
43.036	10.534
42.968	10.564
42.899	10.594
42.829	10.624
42.760	10.653
42.689	10.682
42.618	10.710
42.547	10.738
42.476	10.766
42.405	10.794
42.333	10.822
42.262	10.849
42.190	10.877
42.118	10.905
42.047	10.933
41.975	10.961
41.904	10.990
41.833	11.019
41.762	11.049
41.692	11.079
41.622	11.110
41.553	11.141
41.484	11.173
41.416	11.206
41.348	11.239
41.280	11.272
41.214	11.306
41.147	11.341
41.081	11.375
41.015	11.410
40.950	11.445
40.886	11.480
40.821	11.515
40.758	11.550
40.694	11.585
40.631	11.619
40.568	11.654
40.506	11.688
40.444	11.722
40.382	11.755
40.321	11.788
40.260	11.821
40.200	11.853
40.140	11.884
40.080	11.914
40.020	11.944
39.961	11.972
39.902	12.000
39.843	12.027
39.785	12.053
39.726	12.077
39.669	12.101
39.611	12.123
39.553	12.144
39.496	12.164
39.439	12.183
39.382	12.200
39.325	12.216
39.269	12.231
39.212	12.245
39.155	12.257
39.099	12.268
39.042	12.278
38.985	12.286
38.928	12.293
38.871	12.299
38.814	12.303
38.757	12.306
38.700	12.307
38.642	12.307
38.585	12.306
38.527	12.303
38.468	12.299
38.410	12.293
38.351	12.286
38.291	12.277
38.232	12.267
38.172	12.255
38.111	12.242
38.050	12.228
37.989	12.213
37.927	12.197
37.865	12.180
37.802	12.162
37.739	12.144
37.675	12.125
37.611	12.105
37.547	12.085
37.482	12.065
37.416	12.045
37.350	12.025
37.284	12.005
37.217	11.984
37.149	11.965
37.081	11.945
37.012	11.926
36.943	11.908
36.874	11.890
36.803	11.873
36.732	11.857
36.661	11.842
36.589	11.828
36.516	11.815
36.443	11.804
36.369	11.794
36.294	11.785
36.219	11.778
36.144	11.773
36.067	11.768
35.991	11.766
35.913	11.764
35.836	11.764
35.758	11.764
35.679	11.766
35.601	11.769
35.522	11.773
35.443	11.778
35.363	11.783
35.284	11.789
35.204	11.796
35.124	11.804
35.045	11.812
34.965	11.821
34.885	11.830
34.805	11.840
34.725	11.850
34.646	11.860
34.566	11.870
34.487	11.880
34.408	11.891
34.329	11.902
34.251	11.912
34.173	11.922
34.095	11.933
34.018	11.942
33.941	11.952
33.865	11.961
33.789	11.970
33.714	11.979
33.639	11.986
33.565	11.994
33.491	12.000
33.418	12.006
33.345	12.012
33.273	12.017
33.201	12.022
33.129	12.026
33.057	12.029
32.986	12.032
32.915	12.035
32.844	12.037
32.773	12.038
32.702	12.039
32.632	12.039
32.561	12.039
32.490	12.038
32.419	12.037
32.348	12.035
32.276	12.033
32.205	12.030
32.133	12.027
32.061	12.023
31.988	12.019
31.915	12.014
31.842	12.009
31.768	12.003
31.694	11.996
31.619	11.990
31.543	11.982
31.467	11.974
31.390	11.966
31.313	11.957
31.235	11.948
31.156	11.938
31.077	11.928
30.997	11.917
30.917	11.906
30.836	11.894
30.754	11.882
30.672	11.869
30.590	11.856
30.507	11.842
30.424	11.828
30.340	11.814
30.256	11.799
30.171	11.783
30.087	11.768
30.001	11.751
29.916	11.735
29.830	11.717
29.744	11.700
29.657	11.682
29.570	11.664
29.483	11.645
29.396	11.626
29.309	11.606
29.221	11.586
29.133	11.566
29.045	11.545
28.957	11.524
28.869	11.502
28.780	11.480
28.692	11.458
28.603	11.435
28.515	11.412
28.426	11.389
28.338	11.365
28.249	11.341
28.161	11.316
28.073	11.291
27.985	11.266
27.898	11.240
27.811	11.213
27.726	11.186
27.641	11.159
27.557	11.131
27.475	11.102
27.393	11.073
27.313	11.044
27.235	11.013
27.158	10.982
27.083	10.950
27.009	10.918
26.938	10.885
26.869	10.851
26.802	10.816
26.737	10.781
26.675	10.744
26.615	10.707
26.558	10.669
26.504	10.630
26.452	10.590
26.404	10.549
26.359	10.508
26.317	10.465
26.279	10.421
26.244	10.377
26.212	10.331
26.185	10.284
26.161	10.236
26.141	10.188
26.124	10.138
26.110	10.088
26.099	10.037
26.091	9.986
26.086	9.934
26.083	9.882
26.081	9.831
26.082	9.779
26.085	9.727
26.089	9.676
26.094	9.625
26.100	9.574
26.107	9.525
26.115	9.475
26.123	9.427
26.132	9.380
26.140	9.334
26.149	9.289
26.156	9.246
26.164	9.204
26.170	9.163
26.177	9.123
26.182	9.085
26.187	9.048
26.191	9.012
26.194	8.977
26.197	8.943
26.198	8.910
26.199	8.878
26.200	8.846
26.199	8.815
26.197	8.784
26.195	8.754
26.192	8.724
26.187	8.694
26.183	8.665
26.178	8.636
26.173	8.607
26.168	8.577
26.165	8.547
26.163	8.517
26.162	8.486
26.163	8.455
26.166	8.423
26.172	8.390
26.181	8.356
26.192	8.320
