X	Y
28.102	14.167
28.102	14.117
28.104	14.064
28.108	14.009
28.114	13.950
28.122	13.889
28.132	13.826
28.144	13.760
28.159	13.692
28.176	13.622
28.196	13.551
28.218	13.478
28.243	13.404
28.271	13.329
28.302	13.254
28.335	13.177
28.372	13.100
28.412	13.023
28.455	12.946
28.502	12.869
28.551	12.792
28.604	12.715
28.661	12.638
28.720	12.562
28.781	12.485
28.846	12.409
28.913	12.333
28.983	12.257
29.055	12.181
29.129	12.105
29.206	12.029
29.284	11.953
29.365	11.877
29.447	11.801
29.530	11.725
29.616	11.649
29.703	11.572
29.791	11.496
29.880	11.419
29.970	11.343
30.061	11.266
30.154	11.189
30.246	11.112
30.340	11.034
30.434	10.956
30.528	10.879
30.623	10.800
30.717	10.722
30.812	10.643
30.907	10.564
31.002	10.485
31.096	10.405
31.191	10.325
31.286	10.246
31.382	10.166
31.477	10.086
31.572	10.006
31.668	9.926
31.763	9.846
31.859	9.766
31.955	9.686
32.050	9.606
32.147	9.527
32.243	9.447
32.339	9.368
32.436	9.289
32.532	9.211
32.629	9.133
32.726	9.055
32.824	8.977
32.921	8.900
33.019	8.824
33.117	8.748
33.215	8.672
33.313	8.597
33.411	8.523
33.510	8.449
33.609	8.376
33.708	8.304
33.808	8.232
33.908	8.162
34.008	8.091
34.108	8.022
34.209	7.954
34.310	7.886
34.411	7.819
34.512	7.753
34.613	7.688
34.715	7.624
34.817	7.561
34.919	7.498
35.022	7.437
35.124	7.376
35.227	7.316
35.330	7.258
35.434	7.200
35.537	7.143
35.641	7.087
35.745	7.033
35.848	6.979
35.953	6.926
36.057	6.874
36.162	6.824
36.266	6.774
36.371	6.726
36.476	6.678
36.581	6.632
36.686	6.587
36.792	6.543
36.897	6.500
37.003	6.459
37.109	6.418
37.214	6.379
37.319	6.341
37.424	6.305
37.528	6.270
37.631	6.237
37.733	6.206
37.834	6.177
37.933	6.149
38.030	6.124
38.126	6.100
38.220	6.079
38.311	6.060
38.400	6.044
38.487	6.030
38.570	6.018
38.651	6.009
38.729	6.003
38.803	6.000
38.873	5.999
38.940	6.002
39.004	6.008
39.063	6.016
39.117	6.028
39.168	6.044
39.215	6.062
39.258	6.084
39.298	6.110
39.336	6.139
39.370	6.171
39.403	6.207
39.433	6.246
39.461	6.289
39.488	6.336
39.514	6.386
39.539	6.440
39.564	6.498
39.587	6.559
39.610	6.624
39.633	6.692
39.655	6.762
39.676	6.836
39.696	6.911
39.716	6.990
39.735	7.070
39.753	7.152
39.771	7.236
39.788	7.322
39.804	7.409
39.819	7.497
39.834	7.586
39.848	7.676
39.861	7.766
39.873	7.857
39.885	7.948
39.895	8.038
39.905	8.129
39.915	8.219
39.923	8.309
39.930	8.398
39.937	8.487
39.943	8.576
39.949	8.664
39.953	8.752
39.957	8.840
39.961	8.927
39.963	9.014
39.965	9.101
39.967	9.188
39.968	9.275
39.969	9.362
39.969	9.449
39.968	9.536
39.967	9.622
39.966	9.709
39.964	9.796
39.962	9.883
39.959	9.971
39.957	10.058
39.953	10.146
39.950	10.234
39.946	10.322
39.942	10.410
39.938	10.499
39.934	10.588
39.929	10.678
39.924	10.768
39.919	10.859
39.914	10.950
39.908	11.042
39.902	11.134
39.897	11.227
39.891	11.321
39.884	11.416
39.878	11.511
39.872	11.607
39.865	11.704
39.859	11.802
39.852	11.900
39.845	12.000
39.838	12.101
39.832	12.202
39.825	12.305
39.818	12.409
39.811	12.514
39.804	12.619
39.797	12.726
39.790	12.833
39.782	12.941
39.774	13.049
39.766	13.157
39.758	13.264
39.749	13.371
39.740	13.477
39.730	13.582
39.720	13.686
39.708	13.789
39.697	13.889
39.684	13.988
39.671	14.085
39.656	14.180
39.641	14.272
39.625	14.362
39.607	14.448
39.589	14.531
39.570	14.611
39.549	14.687
39.527	14.759
39.503	14.828
39.479	14.892
39.452	14.951
39.425	15.007
39.396	15.059
39.365	15.108
39.333	15.153
39.299	15.196
39.264	15.236
39.227	15.274
39.189	15.309
39.149	15.344
39.107	15.376
39.064	15.408
39.019	15.439
38.972	15.469
38.924	15.499
38.873	15.528
38.821	15.557
38.767	15.585
38.711	15.613
38.652	15.640
38.592	15.666
38.529	15.692
38.464	15.716
38.396	15.739
38.326	15.761
38.253	15.782
38.177	15.801
38.099	15.820
38.018	15.836
37.934	15.851
37.847	15.865
37.757	15.877
37.664	15.887
37.568	15.895
37.469	15.901
37.367	15.906
37.262	15.910
37.154	15.912
37.045	15.912
36.932	15.912
36.818	15.910
36.701	15.907
36.582	15.902
36.462	15.897
36.339	15.891
36.215	15.884
36.090	15.876
35.962	15.868
35.834	15.859
35.704	15.849
35.574	15.839
35.442	15.828
35.309	15.817
35.176	15.806
35.042	15.795
34.907	15.783
34.772	15.772
34.637	15.760
34.502	15.749
34.366	15.738
34.231	15.727
34.096	15.716
33.961	15.706
33.826	15.697
33.692	15.687
33.559	15.679
33.426	15.671
33.294	15.664
33.162	15.657
33.031	15.651
32.901	15.645
32.771	15.640
32.642	15.636
32.514	15.632
32.387	15.629
32.261	15.626
32.135	15.624
32.010	15.623
31.886	15.622
31.763	15.622
31.640	15.622
31.519	15.623
31.399	15.624
31.279	15.626
31.161	15.629
31.043	15.632
30.927	15.636
30.812	15.640
30.697	15.645
30.584	15.651
30.472	15.657
30.361	15.664
30.252	15.671
30.143	15.679
30.036	15.687
29.930	15.697
29.825	15.706
29.721	15.716
29.620	15.726
29.520	15.736
29.422	15.746
29.327	15.755
29.234	15.763
29.144	15.770
29.057	15.776
28.973	15.781
28.892	15.784
28.814	15.785
28.740	15.784
28.670	15.781
28.605	15.775
28.543	15.766
28.486	15.755
28.433	15.740
28.386	15.722
28.343	15.701
28.306	15.675
28.274	15.646
28.246	15.614
28.223	15.578
28.204	15.540
28.188	15.499
28.175	15.455
28.166	15.410
28.158	15.362
28.153	15.313
28.150	15.263
28.147	15.212
28.146	15.160
28.146	15.108
28.146	15.055
28.147	15.002
28.148	14.950
28.150	14.898
28.151	14.846
28.152	14.796
28.152	14.746
28.152	14.699
28.152	14.652
28.150	14.608
28.147	14.566
28.143	14.526
28.138	14.487
28.132	14.449
28.126	14.412
28.121	14.375
28.115	14.337
28.110	14.297
28.106	14.256
28.103	14.213
28.102	14.167
