X	Y
26.682	17.535
26.684	17.475
26.688	17.412
26.695	17.347
26.705	17.278
26.717	17.207
26.732	17.133
26.749	17.057
26.769	16.978
26.791	16.897
26.816	16.813
26.842	16.728
26.871	16.640
26.903	16.551
26.936	16.459
26.971	16.366
27.008	16.271
27.048	16.175
27.089	16.077
27.132	15.978
27.177	15.877
27.223	15.775
27.272	15.672
27.321	15.567
27.373	15.462
27.426	15.356
27.480	15.249
27.536	15.142
27.593	15.033
27.652	14.925
27.711	14.815
27.772	14.706
27.834	14.596
27.897	14.486
27.962	14.376
28.027	14.266
28.093	14.156
28.159	14.046
28.227	13.937
28.296	13.828
28.365	13.719
28.434	13.611
28.505	13.503
28.576	13.397
28.647	13.291
28.719	13.185
28.791	13.081
28.863	12.978
28.936	12.877
29.009	12.776
29.082	12.677
29.155	12.579
29.229	12.483
29.302	12.388
29.375	12.294
29.449	12.202
29.523	12.111
29.597	12.021
29.670	11.933
29.745	11.845
29.819	11.759
29.893	11.674
29.968	11.590
30.043	11.506
30.118	11.424
30.193	11.343
30.268	11.263
30.344	11.183
30.419	11.104
30.495	11.026
30.571	10.949
30.648	10.873
30.724	10.797
30.801	10.721
30.879	10.647
30.956	10.573
31.034	10.499
31.112	10.426
31.190	10.353
31.269	10.281
31.347	10.209
31.427	10.137
31.506	10.066
31.586	9.994
31.666	9.923
31.747	9.852
31.828	9.782
31.909	9.711
31.990	9.640
32.072	9.570
32.155	9.499
32.237	9.428
32.321	9.357
32.404	9.286
32.488	9.215
32.572	9.143
32.657	9.071
32.742	8.999
32.828	8.927
32.914	8.854
33.001	8.780
33.088	8.707
33.175	8.632
33.263	8.558
33.352	8.482
33.441	8.406
33.530	8.330
33.620	8.254
33.710	8.177
33.801	8.099
33.893	8.021
33.984	7.943
34.077	7.865
34.170	7.786
34.263	7.707
34.357	7.627
34.451	7.548
34.546	7.468
34.641	7.388
34.737	7.308
34.833	7.227
34.930	7.147
35.027	7.066
35.124	6.986
35.223	6.905
35.321	6.824
35.421	6.743
35.520	6.662
35.620	6.582
35.721	6.501
35.822	6.420
35.924	6.340
36.026	6.259
36.129	6.179
36.232	6.098
36.336	6.018
36.440	5.938
36.545	5.859
36.650	5.779
36.756	5.700
36.862	5.621
36.969	5.542
37.076	5.464
37.184	5.386
37.292	5.309
37.401	5.231
37.510	5.154
37.620	5.078
37.731	5.002
37.842	4.927
37.953	4.852
38.065	4.777
38.177	4.703
38.290	4.630
38.404	4.557
38.518	4.485
38.632	4.413
38.748	4.342
38.863	4.272
38.979	4.202
39.096	4.133
39.213	4.065
39.331	3.997
39.449	3.930
39.568	3.864
39.687	3.799
39.806	3.735
39.926	3.671
40.046	3.608
40.166	3.546
40.287	3.485
40.408	3.425
40.529	3.366
40.650	3.307
40.771	3.250
40.892	3.193
41.013	3.137
41.134	3.082
41.255	3.028
41.376	2.975
41.497	2.923
41.618	2.872
41.738	2.822
41.859	2.773
41.979	2.726
42.098	2.679
42.217	2.633
42.336	2.588
42.455	2.544
42.573	2.501
42.690	2.460
42.807	2.419
42.923	2.380
43.039	2.342
43.154	2.305
43.269	2.269
43.382	2.234
43.495	2.201
43.607	2.168
43.719	2.137
43.829	2.107
43.939	2.078
44.047	2.051
44.155	2.025
44.261	2.000
44.367	1.976
44.471	1.954
44.574	1.933
44.677	1.913
44.777	1.895
44.877	1.878
44.976	1.862
45.073	1.848
45.168	1.835
45.263	1.824
45.356	1.814
45.447	1.805
45.537	1.798
45.626	1.792
45.713	1.788
45.798	1.785
45.882	1.783
45.965	1.783
46.046	1.784
46.126	1.786
46.204	1.790
46.281	1.795
46.356	1.801
46.430	1.808
46.503	1.816
46.575	1.826
46.645	1.837
46.714	1.848
46.781	1.861
46.848	1.875
46.913	1.890
46.976	1.906
47.039	1.923
47.100	1.941
47.160	1.959
47.219	1.979
47.277	1.999
47.334	2.021
47.389	2.043
47.443	2.066
47.496	2.089
47.548	2.114
47.599	2.139
47.649	2.165
47.698	2.192
47.746	2.219
47.792	2.247
47.838	2.276
47.883	2.305
47.927	2.336
47.969	2.368
48.011	2.400
48.052	2.434
48.092	2.469
48.131	2.505
48.169	2.543
48.206	2.582
48.242	2.622
48.277	2.664
48.312	2.708
48.346	2.753
48.379	2.800
48.411	2.848
48.442	2.898
48.472	2.951
48.502	3.005
48.531	3.061
48.559	3.119
48.587	3.179
48.614	3.242
48.640	3.307
48.665	3.374
48.690	3.443
48.714	3.514
48.737	3.587
48.760	3.662
48.782	3.739
48.804	3.818
48.825	3.898
48.845	3.980
48.865	4.064
48.884	4.148
48.903	4.235
48.922	4.322
48.939	4.411
48.957	4.500
48.974	4.591
48.990	4.683
49.006	4.775
49.022	4.869
49.037	4.963
49.052	5.057
49.066	5.152
49.080	5.248
49.094	5.344
49.107	5.440
49.120	5.537
49.133	5.633
49.145	5.730
49.157	5.826
49.169	5.923
49.181	6.019
49.192	6.115
49.204	6.211
49.215	6.306
49.225	6.401
49.236	6.495
49.246	6.588
49.257	6.681
49.267	6.773
49.277	6.863
49.287	6.953
49.297	7.042
49.307	7.130
49.316	7.216
49.326	7.302
49.335	7.387
49.345	7.471
49.354	7.554
49.363	7.636
49.371	7.718
49.380	7.799
49.388	7.879
49.396	7.959
49.404	8.038
49.412	8.117
49.419	8.195
49.426	8.273
49.433	8.350
49.439	8.428
49.445	8.504
49.450	8.581
49.456	8.658
49.461	8.734
49.465	8.810
49.469	8.887
49.473	8.963
49.476	9.040
49.479	9.116
49.481	9.193
49.483	9.270
49.484	9.347
49.485	9.424
49.485	9.502
49.485	9.580
49.484	9.659
49.483	9.738
49.481	9.818
49.478	9.898
49.475	9.979
49.471	10.061
49.467	10.143
49.462	10.226
49.457	10.309
49.451	10.393
49.444	10.477
49.437	10.562
49.429	10.647
49.421	10.733
49.412	10.819
49.403	10.906
49.393	10.993
49.383	11.080
49.372	11.168
49.361	11.255
49.349	11.344
49.337	11.432
49.325	11.521
49.312	11.610
49.299	11.699
49.285	11.789
49.271	11.878
49.256	11.968
49.241	12.058
49.226	12.148
49.210	12.238
49.194	12.328
49.178	12.418
49.161	12.508
49.144	12.598
49.127	12.688
49.110	12.778
49.092	12.868
49.074	12.958
49.055	13.048
49.037	13.137
49.018	13.227
48.999	13.316
48.979	13.405
48.960	13.494
48.940	13.583
48.920	13.671
48.900	13.759
48.879	13.847
48.859	13.934
48.838	14.021
48.817	14.108
48.796	14.194
48.775	14.280
48.754	14.365
48.733	14.450
48.711	14.535
48.690	14.619
48.668	14.702
48.646	14.785
48.625	14.868
48.603	14.949
48.581	15.031
48.559	15.111
48.537	15.191
48.515	15.270
48.494	15.349
48.472	15.426
48.450	15.503
48.428	15.580
48.406	15.655
48.384	15.730
48.363	15.804
48.341	15.877
48.320	15.949
48.298	16.020
48.277	16.091
48.255	16.160
48.234	16.229
48.213	16.296
48.192	16.363
48.172	16.428
48.151	16.493
48.131	16.556
48.110	16.619
48.090	16.680
48.070	16.741
48.051	16.800
48.031	16.858
48.011	16.916
47.992	16.972
47.973	17.028
47.954	17.082
47.935	17.136
47.916	17.189
47.898	17.240
47.880	17.291
47.861	17.341
47.843	17.391
47.825	17.439
47.807	17.487
47.790	17.533
47.772	17.579
47.755	17.624
47.737	17.669
47.720	17.712
47.703	17.755
47.686	17.797
47.670	17.838
47.653	17.879
47.636	17.919
47.619	17.958
47.601	17.997
47.583	18.035
47.564	18.072
47.544	18.108
47.522	18.144
47.500	18.180
47.476	18.214
47.450	18.248
47.422	18.282
47.393	18.314
47.361	18.347
47.326	18.378
47.289	18.409
47.250	18.440
47.207	18.470
47.162	18.499
47.113	18.528
47.060	18.557
47.005	18.585
46.946	18.612
46.883	18.639
46.818	18.665
46.749	18.691
46.677	18.717
46.603	18.742
46.525	18.766
46.445	18.790
46.361	18.814
46.275	18.838
46.186	18.861
46.095	18.883
46.001	18.905
45.904	18.927
45.805	18.949
45.704	18.970
45.600	18.991
45.494	19.011
45.386	19.031
45.276	19.051
45.164	19.071
45.049	19.090
44.933	19.109
44.815	19.128
44.695	19.146
44.573	19.164
44.450	19.182
44.325	19.200
44.198	19.218
44.070	19.235
43.941	19.252
43.810	19.269
43.678	19.286
43.544	19.303
43.410	19.319
43.274	19.336
43.137	19.352
43.000	19.368
42.861	19.384
42.721	19.400
42.581	19.416
42.440	19.432
42.298	19.448
42.156	19.463
42.013	19.479
41.870	19.494
41.726	19.510
41.582	19.526
41.437	19.541
41.293	19.557
41.148	19.572
41.003	19.588
40.858	19.603
40.713	19.619
40.567	19.634
40.422	19.650
40.277	19.666
40.132	19.681
39.987	19.696
39.842	19.712
39.696	19.727
39.552	19.743
39.407	19.758
39.262	19.773
39.117	19.788
38.973	19.803
38.829	19.817
38.685	19.832
38.541	19.847
38.397	19.861
38.254	19.875
38.111	19.889
37.968	19.903
37.826	19.917
37.684	19.930
37.542	19.943
37.401	19.956
37.260	19.969
37.119	19.981
36.979	19.994
36.840	20.006
36.700	20.017
36.562	20.029
36.424	20.040
36.286	20.051
36.149	20.061
36.012	20.072
35.876	20.082
35.741	20.091
35.606	20.100
35.472	20.109
35.339	20.118
35.206	20.126
35.074	20.133
34.942	20.141
34.812	20.147
34.682	20.154
34.553	20.160
34.425	20.166
34.297	20.171
34.171	20.175
34.045	20.179
33.920	20.183
33.796	20.186
33.673	20.189
33.550	20.191
33.429	20.193
33.309	20.194
33.190	20.195
33.071	20.195
32.954	20.194
32.838	20.193
32.723	20.192
32.609	20.189
32.496	20.187
32.384	20.183
32.273	20.179
32.163	20.174
32.054	20.169
31.947	20.163
31.840	20.157
31.735	20.150
31.630	20.143
31.526	20.135
31.424	20.126
31.322	20.117
31.222	20.107
31.122	20.097
31.024	20.086
30.926	20.075
30.829	20.063
30.733	20.051
30.638	20.038
30.544	20.024
30.451	20.011
30.359	19.996
30.268	19.981
30.178	19.966
30.088	19.950
29.999	19.933
29.911	19.917
29.824	19.899
29.738	19.881
29.653	19.863
29.568	19.844
29.485	19.825
29.402	19.805
29.319	19.785
29.238	19.765
29.157	19.744
29.077	19.722
28.998	19.700
28.920	19.678
28.842	19.655
28.765	19.632
28.689	19.609
28.613	19.585
28.538	19.560
28.464	19.535
28.391	19.510
28.318	19.485
28.247	19.459
28.176	19.433
28.107	19.406
28.039	19.379
27.972	19.352
27.907	19.324
27.843	19.296
27.781	19.268
27.721	19.240
27.662	19.211
27.605	19.182
27.550	19.153
27.497	19.124
27.447	19.094
27.398	19.064
27.352	19.034
27.308	19.004
27.267	18.974
27.228	18.943
27.192	18.913
27.159	18.882
27.128	18.851
27.101	18.820
27.076	18.789
27.055	18.757
27.036	18.726
27.021	18.695
27.007	18.663
26.996	18.632
26.987	18.600
26.978	18.569
26.972	18.537
26.965	18.506
26.960	18.475
26.954	18.443
26.948	18.412
26.942	18.381
26.935	18.350
26.927	18.319
26.917	18.288
26.906	18.257
26.893	18.227
26.879	18.196
26.864	18.164
26.848	18.132
26.832	18.100
26.815	18.066
26.799	18.032
26.782	17.996
26.766	17.959
26.751	17.920
26.737	17.880
26.724	17.838
26.712	17.793
26.702	17.747
26.693	17.698
26.687	17.646
26.683	17.592
26.682	17.535
