X	Y
67.443	142.329
67.461	142.300
67.484	142.271
67.512	142.244
67.544	142.217
67.580	142.191
67.621	142.165
67.665	142.139
67.714	142.114
67.766	142.089
67.822	142.064
67.881	142.039
67.943	142.014
68.009	141.988
68.078	141.962
68.150	141.935
68.224	141.907
68.301	141.878
68.381	141.849
68.463	141.819
68.547	141.789
68.633	141.758
68.720	141.726
68.809	141.695
68.899	141.662
68.991	141.630
69.083	141.597
69.175	141.564
69.268	141.532
69.362	141.499
69.455	141.466
69.548	141.433
69.641	141.401
69.733	141.368
69.824	141.336
69.915	141.305
70.004	141.273
70.092	141.243
70.178	141.213
70.262	141.183
70.345	141.154
70.425	141.126
70.503	141.099
70.578	141.073
70.651	141.047
70.722	141.022
70.791	140.998
70.859	140.973
70.925	140.949
70.990	140.926
71.054	140.902
71.118	140.878
71.180	140.855
71.243	140.830
71.305	140.806
71.368	140.781
71.430	140.755
71.494	140.729
71.558	140.702
71.623	140.674
71.689	140.644
71.757	140.614
71.826	140.582
71.898	140.550
71.970	140.515
72.045	140.480
72.121	140.443
72.198	140.406
72.277	140.367
72.357	140.328
72.438	140.287
72.520	140.246
72.602	140.205
72.686	140.162
72.771	140.120
72.856	140.076
72.941	140.033
73.027	139.989
73.113	139.945
73.200	139.900
73.287	139.856
73.373	139.812
73.460	139.768
73.546	139.724
73.633	139.680
73.718	139.636
73.804	139.593
73.889	139.551
73.973	139.509
74.056	139.467
74.139	139.427
74.221	139.386
74.303	139.347
74.384	139.308
74.465	139.270
74.545	139.233
74.625	139.197
74.705	139.161
74.784	139.126
74.863	139.093
74.942	139.060
75.021	139.028
75.100	138.996
75.179	138.966
75.258	138.937
75.337	138.909
75.417	138.882
75.496	138.856
75.576	138.831
75.657	138.807
75.737	138.784
75.819	138.763
75.900	138.743
75.983	138.723
76.065	138.706
76.149	138.689
76.232	138.673
76.315	138.659
76.399	138.646
76.482	138.634
76.565	138.623
76.648	138.613
76.730	138.605
76.812	138.597
76.893	138.591
76.973	138.586
77.052	138.582
77.129	138.579
77.206	138.577
77.281	138.576
77.355	138.576
77.427	138.577
77.497	138.579
77.565	138.582
77.632	138.586
77.696	138.591
77.758	138.598
77.818	138.605
77.876	138.613
77.933	138.622
77.988	138.633
78.041	138.645
78.094	138.658
78.145	138.672
78.195	138.688
78.244	138.705
78.292	138.723
78.340	138.743
78.387	138.765
78.435	138.788
78.481	138.812
78.528	138.838
78.575	138.866
78.621	138.896
78.666	138.927
78.711	138.959
78.754	138.994
78.796	139.030
78.837	139.068
78.876	139.108
78.913	139.150
78.949	139.193
78.981	139.239
79.012	139.286
79.039	139.335
79.064	139.386
79.086	139.438
79.104	139.493
79.120	139.549
79.133	139.607
79.143	139.666
79.150	139.727
79.154	139.788
79.157	139.851
79.157	139.914
79.154	139.978
79.150	140.042
79.143	140.107
79.135	140.171
79.125	140.236
79.113	140.301
79.099	140.365
79.084	140.429
79.068	140.492
79.050	140.555
79.031	140.617
79.011	140.679
78.989	140.740
78.966	140.801
78.941	140.862
78.915	140.923
78.888	140.983
78.858	141.044
78.828	141.106
78.796	141.167
78.762	141.230
78.726	141.292
78.689	141.356
78.650	141.420
78.609	141.485
78.567	141.551
78.522	141.619
78.476	141.687
78.428	141.757
78.379	141.828
78.327	141.900
78.274	141.974
78.219	142.048
78.163	142.123
78.106	142.198
78.047	142.274
77.987	142.350
77.927	142.426
77.865	142.502
77.803	142.578
77.739	142.653
77.676	142.727
77.611	142.801
77.547	142.873
77.482	142.945
77.417	143.015
77.351	143.084
77.286	143.151
77.221	143.216
77.156	143.279
77.092	143.340
77.028	143.399
76.965	143.455
76.902	143.509
76.840	143.560
76.778	143.608
76.718	143.653
76.658	143.695
76.598	143.735
76.538	143.772
76.479	143.806
76.419	143.838
76.360	143.868
76.300	143.896
76.239	143.921
76.177	143.945
76.115	143.966
76.052	143.986
75.987	144.003
75.922	144.019
75.855	144.034
75.786	144.047
75.715	144.058
75.643	144.068
75.568	144.077
75.492	144.085
75.413	144.091
75.333	144.097
75.250	144.101
75.166	144.104
75.080	144.107
74.993	144.108
74.903	144.109
74.812	144.109
74.720	144.108
74.625	144.106
74.530	144.104
74.433	144.101
74.334	144.098
74.235	144.094
74.134	144.090
74.032	144.085
73.928	144.080
73.824	144.075
73.718	144.070
73.612	144.064
73.504	144.058
73.396	144.052
73.287	144.046
73.177	144.040
73.066	144.035
72.954	144.029
72.842	144.023
72.730	144.018
72.617	144.013
72.503	144.008
72.390	144.003
72.276	143.998
72.162	143.993
72.049	143.988
71.935	143.984
71.822	143.980
71.709	143.975
71.596	143.971
71.484	143.967
71.372	143.964
71.261	143.960
71.151	143.957
71.042	143.953
70.934	143.950
70.827	143.947
70.720	143.944
70.616	143.941
70.512	143.938
70.410	143.936
70.310	143.933
70.211	143.931
70.113	143.929
70.018	143.927
69.924	143.925
69.833	143.923
69.743	143.921
69.656	143.920
69.571	143.918
69.488	143.916
69.407	143.914
69.329	143.910
69.252	143.906
69.178	143.901
69.107	143.895
69.037	143.888
68.970	143.879
68.905	143.868
68.843	143.855
68.783	143.840
68.726	143.823
68.671	143.803
68.618	143.781
68.568	143.756
68.521	143.728
68.476	143.697
68.433	143.663
68.393	143.626
68.355	143.587
68.319	143.547
68.285	143.507
68.252	143.467
68.220	143.428
68.189	143.391
68.159	143.357
68.130	143.326
68.101	143.298
68.071	143.276
68.042	143.259
68.013	143.247
67.983	143.242
67.952	143.240
67.921	143.242
67.889	143.246
67.857	143.250
67.823	143.254
67.789	143.257
67.753	143.256
67.717	143.252
67.679	143.244
67.641	143.232
67.604	143.217
67.568	143.198
67.533	143.177
67.501	143.152
67.472	143.126
67.445	143.097
67.423	143.066
67.406	143.034
67.394	143.001
67.386	142.967
67.382	142.931
67.382	142.896
67.383	142.859
67.387	142.822
67.392	142.785
67.397	142.747
67.401	142.710
67.405	142.673
67.407	142.636
67.407	142.599
67.407	142.563
67.407	142.527
67.407	142.492
67.409	142.458
67.413	142.424
67.419	142.392
67.429	142.360
67.443	142.329
