X	Y
69.999	139.045
70.071	138.986
70.161	138.930
70.266	138.877
70.387	138.829
70.522	138.783
70.672	138.741
70.835	138.702
71.010	138.666
71.199	138.633
71.399	138.602
71.610	138.574
71.831	138.548
72.063	138.525
72.304	138.503
72.554	138.484
72.812	138.466
73.077	138.449
73.350	138.434
73.628	138.421
73.913	138.408
74.203	138.397
74.497	138.386
74.796	138.376
75.097	138.366
75.402	138.357
75.709	138.348
76.017	138.339
76.327	138.330
76.636	138.321
76.946	138.311
77.255	138.301
77.563	138.290
77.868	138.278
78.171	138.265
78.472	138.252
78.770	138.237
79.066	138.222
79.360	138.206
79.651	138.189
79.941	138.172
80.229	138.155
80.516	138.137
80.801	138.120
81.084	138.102
81.366	138.084
81.648	138.066
81.928	138.048
82.207	138.031
82.485	138.014
82.763	137.997
83.041	137.981
83.317	137.966
83.594	137.951
83.871	137.937
84.147	137.925
84.424	137.913
84.701	137.902
84.978	137.892
85.256	137.884
85.534	137.877
85.813	137.872
86.093	137.868
86.375	137.866
86.657	137.866
86.940	137.867
87.225	137.871
87.511	137.876
87.799	137.884
88.089	137.894
88.380	137.906
88.674	137.921
88.970	137.938
89.267	137.958
89.568	137.980
89.870	138.005
90.174	138.032
90.479	138.062
90.785	138.094
91.093	138.128
91.401	138.164
91.710	138.202
92.020	138.241
92.329	138.283
92.638	138.326
92.947	138.371
93.255	138.417
93.563	138.464
93.869	138.513
94.174	138.563
94.478	138.614
94.780	138.666
95.079	138.718
95.377	138.772
95.672	138.826
95.964	138.881
96.254	138.936
96.540	138.992
96.823	139.048
97.102	139.104
97.378	139.161
97.649	139.217
97.916	139.273
98.178	139.329
98.436	139.385
98.689	139.441
98.936	139.496
99.178	139.550
99.414	139.604
99.644	139.657
99.868	139.709
100.085	139.760
100.296	139.810
100.500	139.860
100.698	139.908
100.889	139.956
101.075	140.003
101.255	140.051
101.430	140.099
101.600	140.149
101.766	140.199
101.928	140.251
102.086	140.305
102.242	140.361
102.394	140.420
102.544	140.481
102.692	140.546
102.838	140.615
102.983	140.687
103.127	140.764
103.271	140.845
103.414	140.931
103.557	141.023
103.701	141.120
103.846	141.223
103.992	141.333
104.140	141.449
104.289	141.572
104.441	141.701
104.594	141.838
104.748	141.980
104.903	142.129
105.058	142.283
105.214	142.443
105.369	142.608
105.523	142.778
105.677	142.952
105.830	143.131
105.980	143.314
106.129	143.501
106.276	143.692
106.420	143.886
106.561	144.083
106.699	144.282
106.833	144.485
106.963	144.689
107.089	144.896
107.211	145.104
107.327	145.314
107.438	145.524
107.544	145.736
107.643	145.949
107.736	146.162
107.823	146.375
107.902	146.588
107.974	146.800
108.039	147.012
108.095	147.223
108.143	147.433
108.183	147.641
108.215	147.849
108.240	148.056
108.256	148.261
108.266	148.467
108.268	148.671
108.264	148.876
108.254	149.080
108.237	149.284
108.214	149.488
108.186	149.693
108.152	149.898
108.113	150.103
108.070	150.309
108.021	150.515
107.969	150.723
107.912	150.931
107.851	151.141
107.787	151.352
107.719	151.564
107.649	151.778
107.575	151.994
107.499	152.212
107.421	152.431
107.340	152.653
107.258	152.877
107.175	153.103
107.090	153.332
107.004	153.563
106.917	153.798
106.830	154.035
106.741	154.274
106.652	154.515
106.562	154.758
106.470	155.003
106.378	155.249
106.284	155.497
106.189	155.746
106.093	155.995
105.995	156.245
105.896	156.495
105.795	156.745
105.693	156.995
105.589	157.245
105.484	157.494
105.377	157.743
105.268	157.990
105.157	158.237
105.045	158.481
104.930	158.724
104.813	158.966
104.695	159.205
104.574	159.441
104.451	159.675
104.325	159.907
104.198	160.135
104.068	160.360
103.935	160.582
103.800	160.800
103.663	161.014
103.522	161.223
103.379	161.429
103.234	161.630
103.085	161.826
102.934	162.017
102.780	162.203
102.623	162.384
102.463	162.560
102.301	162.731
102.137	162.898
101.971	163.061
101.803	163.221
101.633	163.376
101.462	163.528
101.289	163.677
101.115	163.822
100.939	163.965
100.763	164.106
100.586	164.243
100.409	164.379
100.231	164.513
100.053	164.645
99.875	164.775
99.697	164.905
99.519	165.033
99.341	165.160
99.164	165.287
98.988	165.413
98.813	165.539
98.639	165.665
98.466	165.791
98.295	165.918
98.125	166.045
97.957	166.173
97.790	166.302
97.626	166.433
97.464	166.565
97.304	166.698
97.146	166.832
96.989	166.967
96.833	167.102
96.678	167.238
96.524	167.373
96.371	167.509
96.218	167.644
96.066	167.778
95.913	167.911
95.760	168.044
95.607	168.175
95.452	168.304
95.297	168.432
95.141	168.558
94.984	168.682
94.825	168.803
94.664	168.921
94.501	169.037
94.336	169.149
94.169	169.258
93.999	169.364
93.826	169.465
93.650	169.563
93.471	169.656
93.288	169.745
93.101	169.829
92.911	169.909
92.717	169.983
92.520	170.054
92.320	170.119
92.117	170.180
91.911	170.237
91.702	170.290
91.491	170.338
91.278	170.383
91.063	170.423
90.846	170.460
90.628	170.493
90.409	170.522
90.188	170.548
89.966	170.570
89.744	170.589
89.521	170.604
89.298	170.617
89.075	170.626
88.852	170.633
88.630	170.636
88.407	170.637
88.186	170.635
87.966	170.631
87.746	170.624
87.528	170.615
87.312	170.603
87.097	170.589
86.885	170.573
86.674	170.556
86.466	170.535
86.260	170.513
86.056	170.488
85.855	170.460
85.655	170.429
85.458	170.395
85.263	170.356
85.070	170.314
84.879	170.268
84.691	170.217
84.504	170.161
84.320	170.101
84.138	170.035
83.958	169.963
83.779	169.886
83.603	169.803
83.430	169.713
83.258	169.617
83.088	169.514
82.920	169.404
82.754	169.287
82.590	169.162
82.428	169.029
82.268	168.888
82.110	168.739
81.954	168.581
81.800	168.414
81.648	168.238
81.498	168.053
81.349	167.860
81.203	167.659
81.058	167.451
80.915	167.235
80.773	167.012
80.633	166.783
80.495	166.547
80.358	166.305
80.223	166.057
80.089	165.804
79.957	165.547
79.826	165.284
79.696	165.017
79.568	164.746
79.441	164.471
79.316	164.193
79.191	163.912
79.068	163.628
78.946	163.342
78.824	163.053
78.704	162.763
78.585	162.472
78.467	162.179
78.350	161.885
78.234	161.592
78.118	161.298
78.004	161.004
77.890	160.711
77.777	160.418
77.665	160.127
77.553	159.838
77.442	159.550
77.331	159.264
77.221	158.981
77.112	158.701
77.003	158.424
76.894	158.150
76.786	157.881
76.678	157.615
76.570	157.353
76.463	157.095
76.357	156.841
76.250	156.590
76.145	156.343
76.039	156.099
75.935	155.858
75.830	155.620
75.727	155.385
75.624	155.152
75.522	154.923
75.420	154.696
75.319	154.471
75.218	154.248
75.119	154.028
75.020	153.809
74.922	153.593
74.825	153.378
74.728	153.164
74.633	152.952
74.538	152.742
74.444	152.532
74.351	152.324
74.259	152.117
74.168	151.910
74.078	151.704
73.989	151.499
73.901	151.294
73.815	151.089
73.729	150.885
73.644	150.680
73.561	150.476
73.478	150.271
73.397	150.066
73.317	149.861
73.238	149.657
73.159	149.452
73.082	149.249
73.004	149.047
72.927	148.846
72.851	148.647
72.774	148.449
72.698	148.253
72.621	148.060
72.544	147.869
72.467	147.681
72.390	147.497
72.311	147.315
72.233	147.137
72.153	146.963
72.072	146.792
71.991	146.626
71.908	146.465
71.823	146.308
71.738	146.157
71.651	146.011
71.562	145.870
71.471	145.735
71.378	145.606
71.284	145.484
71.187	145.367
71.089	145.256
70.990	145.151
70.892	145.050
70.794	144.953
70.697	144.859
70.602	144.768
70.509	144.679
70.420	144.591
70.334	144.505
70.253	144.419
70.176	144.333
70.105	144.246
70.040	144.157
69.982	144.067
69.932	143.974
69.889	143.878
69.855	143.779
69.829	143.676
69.810	143.571
69.797	143.462
69.791	143.351
69.789	143.238
69.792	143.124
69.798	143.008
69.808	142.891
69.819	142.774
69.832	142.656
69.845	142.538
69.859	142.420
69.872	142.304
69.883	142.188
69.892	142.073
69.899	141.960
69.903	141.849
69.906	141.739
69.907	141.631
69.907	141.525
69.905	141.421
69.903	141.318
69.900	141.218
69.897	141.120
69.894	141.023
69.892	140.929
69.890	140.837
69.889	140.748
69.889	140.661
69.890	140.576
69.893	140.492
69.896	140.411
69.898	140.331
69.901	140.252
69.902	140.174
69.903	140.097
69.902	140.019
69.899	139.942
69.894	139.864
69.886	139.786
69.875	139.707
69.865	139.628
69.855	139.549
69.850	139.471
69.850	139.395
69.857	139.320
69.874	139.247
69.901	139.176
69.942	139.109
69.999	139.045
