X	Y
63.630	142.259
63.636	142.202
63.648	142.143
63.666	142.081
63.689	142.016
63.718	141.950
63.752	141.882
63.791	141.812
63.834	141.740
63.882	141.668
63.934	141.594
63.990	141.519
64.049	141.444
64.112	141.369
64.178	141.294
64.247	141.218
64.319	141.143
64.393	141.068
64.469	140.994
64.547	140.921
64.627	140.850
64.708	140.779
64.791	140.710
64.875	140.643
64.960	140.576
65.047	140.511
65.135	140.447
65.225	140.384
65.316	140.322
65.409	140.260
65.503	140.200
65.599	140.140
65.697	140.081
65.797	140.022
65.898	139.963
66.001	139.905
66.106	139.848
66.213	139.790
66.321	139.732
66.432	139.675
66.544	139.617
66.659	139.560
66.775	139.502
66.894	139.443
67.015	139.384
67.138	139.325
67.263	139.265
67.390	139.205
67.520	139.143
67.652	139.081
67.786	139.018
67.922	138.954
68.061	138.889
68.201	138.824
68.343	138.758
68.487	138.692
68.632	138.626
68.779	138.559
68.926	138.492
69.075	138.426
69.224	138.359
69.375	138.293
69.525	138.227
69.677	138.162
69.828	138.097
69.980	138.033
70.131	137.970
70.283	137.908
70.434	137.847
70.585	137.787
70.735	137.729
70.884	137.672
71.032	137.616
71.180	137.562
71.326	137.510
71.470	137.459
71.614	137.411
71.755	137.365
71.895	137.320
72.033	137.278
72.169	137.239
72.302	137.202
72.433	137.168
72.562	137.136
72.688	137.108
72.811	137.082
72.931	137.059
73.048	137.040
73.163	137.023
73.275	137.008
73.384	136.996
73.492	136.986
73.597	136.977
73.701	136.970
73.804	136.964
73.905	136.958
74.005	136.954
74.103	136.949
74.202	136.945
74.299	136.941
74.397	136.936
74.494	136.931
74.591	136.925
74.688	136.917
74.786	136.908
74.884	136.898
74.983	136.885
75.084	136.870
75.185	136.853
75.288	136.833
75.392	136.810
75.498	136.784
75.606	136.755
75.715	136.723
75.825	136.688
75.935	136.652
76.047	136.613
76.158	136.573
76.270	136.531
76.382	136.488
76.493	136.444
76.604	136.399
76.714	136.353
76.824	136.307
76.931	136.260
77.038	136.214
77.143	136.168
77.246	136.122
77.347	136.077
77.446	136.033
77.542	135.990
77.635	135.949
77.726	135.909
77.813	135.872
77.897	135.836
77.977	135.802
78.053	135.771
78.125	135.743
78.194	135.719
78.259	135.698
78.320	135.681
78.377	135.669
78.431	135.663
78.482	135.662
78.530	135.668
78.575	135.680
78.617	135.700
78.656	135.728
78.692	135.764
78.726	135.809
78.758	135.862
78.787	135.923
78.815	135.992
78.841	136.068
78.865	136.150
78.888	136.237
78.909	136.330
78.930	136.427
78.949	136.529
78.968	136.633
78.987	136.741
79.005	136.851
79.023	136.962
79.041	137.075
79.059	137.188
79.078	137.301
79.097	137.414
79.117	137.525
79.138	137.635
79.160	137.742
79.183	137.846
79.208	137.947
79.235	138.043
79.263	138.136
79.293	138.224
79.324	138.309
79.357	138.390
79.391	138.468
79.425	138.543
79.461	138.614
79.498	138.684
79.536	138.751
79.574	138.816
79.612	138.879
79.651	138.941
79.691	139.001
79.730	139.060
79.769	139.118
79.808	139.176
79.847	139.233
79.885	139.291
79.923	139.348
79.960	139.406
79.996	139.463
80.031	139.522
80.064	139.580
80.095	139.639
80.125	139.698
80.152	139.758
80.177	139.818
80.199	139.879
80.218	139.940
80.233	140.003
80.246	140.065
80.254	140.129
80.259	140.193
80.259	140.259
80.255	140.325
80.247	140.391
80.236	140.459
80.221	140.527
80.204	140.595
80.183	140.664
80.161	140.733
80.136	140.802
80.109	140.871
80.081	140.940
80.052	141.009
80.022	141.078
79.991	141.146
79.960	141.214
79.929	141.282
79.899	141.349
79.869	141.415
79.839	141.481
79.811	141.546
79.783	141.611
79.756	141.675
79.730	141.740
79.705	141.804
79.681	141.868
79.658	141.932
79.636	141.997
79.615	142.062
79.595	142.127
79.576	142.193
79.559	142.260
79.543	142.327
79.528	142.396
79.515	142.465
79.502	142.536
79.491	142.607
79.481	142.680
79.472	142.754
79.463	142.829
79.455	142.905
79.446	142.981
79.438	143.060
79.429	143.139
79.420	143.219
79.411	143.300
79.401	143.382
79.389	143.465
79.377	143.550
79.363	143.635
79.348	143.721
79.331	143.809
79.312	143.897
79.291	143.986
79.267	144.076
79.242	144.168
79.214	144.259
79.185	144.352
79.153	144.445
79.119	144.538
79.084	144.632
79.047	144.726
79.008	144.820
78.967	144.914
78.925	145.007
78.882	145.101
78.836	145.194
78.790	145.286
78.742	145.378
78.693	145.470
78.643	145.560
78.591	145.650
78.539	145.738
78.485	145.825
78.430	145.911
78.375	145.996
78.319	146.079
78.262	146.160
78.204	146.240
78.146	146.318
78.087	146.394
78.027	146.468
77.967	146.540
77.907	146.611
77.846	146.679
77.785	146.745
77.724	146.809
77.663	146.870
77.601	146.930
77.540	146.986
77.478	147.041
77.416	147.093
77.355	147.142
77.293	147.188
77.232	147.232
77.171	147.273
77.110	147.312
77.050	147.347
76.990	147.380
76.930	147.409
76.870	147.436
76.809	147.461
76.747	147.483
76.684	147.502
76.620	147.520
76.555	147.535
76.487	147.548
76.417	147.559
76.345	147.569
76.270	147.577
76.192	147.583
76.111	147.587
76.026	147.590
75.937	147.592
75.844	147.593
75.747	147.592
75.647	147.591
75.542	147.588
75.433	147.584
75.321	147.580
75.206	147.574
75.087	147.567
74.965	147.560
74.841	147.551
74.713	147.542
74.583	147.532
74.450	147.521
74.315	147.509
74.178	147.497
74.039	147.483
73.898	147.469
73.755	147.455
73.610	147.439
73.465	147.423
73.318	147.407
73.169	147.390
73.020	147.372
72.870	147.354
72.720	147.336
72.569	147.317
72.417	147.297
72.266	147.277
72.114	147.257
71.962	147.237
71.811	147.216
71.660	147.195
71.510	147.173
71.360	147.152
71.211	147.130
71.063	147.107
70.915	147.085
70.768	147.061
70.622	147.037
70.477	147.013
70.332	146.988
70.188	146.962
70.045	146.935
69.902	146.907
69.761	146.879
69.620	146.849
69.480	146.819
69.341	146.787
69.202	146.754
69.065	146.720
68.928	146.685
68.793	146.648
68.658	146.610
68.524	146.570
68.391	146.529
68.259	146.487
68.128	146.442
67.998	146.396
67.869	146.349
67.741	146.299
67.614	146.247
67.488	146.194
67.363	146.139
67.239	146.081
67.116	146.022
66.994	145.960
66.873	145.896
66.754	145.830
66.635	145.762
66.518	145.693
66.403	145.622
66.289	145.551
66.176	145.478
66.065	145.405
65.956	145.332
65.848	145.258
65.743	145.184
65.639	145.111
65.537	145.038
65.438	144.966
65.340	144.895
65.245	144.826
65.152	144.757
65.061	144.690
64.973	144.626
64.887	144.563
64.804	144.503
64.723	144.445
64.645	144.390
64.570	144.338
64.498	144.289
64.429	144.244
64.363	144.203
64.300	144.165
64.240	144.132
64.183	144.101
64.130	144.072
64.080	144.045
64.033	144.019
63.990	143.994
63.951	143.967
63.915	143.940
63.883	143.910
63.855	143.878
63.830	143.843
63.810	143.804
63.793	143.760
63.780	143.713
63.770	143.662
63.763	143.609
63.758	143.554
63.756	143.498
63.756	143.441
63.758	143.383
63.761	143.326
63.766	143.270
63.771	143.215
63.776	143.163
63.782	143.113
63.787	143.066
63.792	143.021
63.796	142.978
63.799	142.936
63.800	142.897
63.799	142.858
63.795	142.820
63.789	142.782
63.779	142.744
63.766	142.706
63.750	142.668
63.732	142.629
63.713	142.589
63.694	142.547
63.676	142.504
63.659	142.460
63.646	142.413
63.635	142.364
63.630	142.313
63.630	142.259
