X	Y
69.160	144.245
69.128	144.240
69.085	144.247
69.036	144.261
68.984	144.280
68.931	144.300
68.880	144.319
68.836	144.333
68.801	144.339
68.778	144.333
68.768	144.315
68.771	144.285
68.786	144.243
68.814	144.190
68.853	144.126
68.903	144.053
68.963	143.970
69.034	143.877
69.114	143.777
69.204	143.667
69.302	143.551
69.409	143.427
69.523	143.296
69.645	143.159
69.774	143.016
69.909	142.869
70.051	142.716
70.198	142.559
70.350	142.398
70.507	142.234
70.668	142.067
70.832	141.898
71.000	141.727
71.171	141.554
71.344	141.381
71.520	141.207
71.696	141.034
71.874	140.860
72.052	140.688
72.231	140.518
72.409	140.349
72.586	140.183
72.762	140.019
72.938	139.858
73.114	139.699
73.288	139.542
73.462	139.387
73.635	139.234
73.808	139.084
73.980	138.935
74.152	138.789
74.323	138.644
74.494	138.501
74.665	138.360
74.835	138.221
75.004	138.083
75.174	137.947
75.343	137.812
75.512	137.679
75.681	137.547
75.849	137.417
76.018	137.287
76.186	137.159
76.354	137.033
76.523	136.907
76.691	136.782
76.859	136.659
77.027	136.536
77.196	136.414
77.364	136.293
77.533	136.173
77.702	136.053
77.871	135.934
78.040	135.816
78.209	135.698
78.379	135.581
78.549	135.464
78.720	135.347
78.891	135.231
79.062	135.115
79.234	134.999
79.406	134.883
79.579	134.767
79.753	134.652
79.927	134.536
80.101	134.421
80.276	134.306
80.452	134.191
80.628	134.076
80.805	133.962
80.982	133.847
81.160	133.733
81.339	133.620
81.518	133.507
81.699	133.394
81.879	133.281
82.061	133.169
82.243	133.057
82.426	132.945
82.610	132.834
82.794	132.724
82.979	132.614
83.165	132.504
83.352	132.395
83.539	132.286
83.728	132.178
83.917	132.071
84.107	131.964
84.298	131.857
84.490	131.752
84.682	131.647
84.876	131.542
85.071	131.438
85.266	131.335
85.462	131.233
85.660	131.131
85.858	131.030
86.058	130.930
86.258	130.830
86.459	130.732
86.662	130.634
86.865	130.537
87.069	130.441
87.275	130.346
87.481	130.251
87.688	130.158
87.896	130.065
88.105	129.974
88.315	129.883
88.526	129.793
88.737	129.705
88.950	129.617
89.163	129.530
89.376	129.445
89.591	129.360
89.806	129.277
90.021	129.195
90.237	129.114
90.454	129.033
90.671	128.955
90.889	128.877
91.107	128.800
91.326	128.725
91.545	128.651
91.764	128.578
91.984	128.507
92.204	128.437
92.425	128.368
92.645	128.300
92.866	128.234
93.087	128.169
93.309	128.106
93.530	128.043
93.752	127.983
93.974	127.924
94.195	127.866
94.417	127.809
94.639	127.755
94.861	127.701
95.083	127.650
95.304	127.599
95.526	127.551
95.748	127.504
95.969	127.458
96.190	127.414
96.411	127.372
96.632	127.331
96.852	127.293
97.072	127.255
97.292	127.220
97.511	127.186
97.730	127.154
97.948	127.124
98.166	127.096
98.383	127.069
98.599	127.045
98.815	127.022
99.030	127.001
99.245	126.982
99.458	126.965
99.671	126.950
99.883	126.937
100.094	126.925
100.304	126.916
100.513	126.909
100.722	126.904
100.929	126.901
101.135	126.900
101.339	126.901
101.543	126.904
101.746	126.910
101.947	126.918
102.147	126.927
102.345	126.939
102.543	126.954
102.738	126.970
102.933	126.989
103.126	127.010
103.317	127.034
103.507	127.059
103.695	127.087
103.882	127.118
104.066	127.151
104.250	127.186
104.431	127.224
104.610	127.264
104.786	127.306
104.960	127.351
105.132	127.399
105.301	127.448
105.467	127.501
105.630	127.555
105.790	127.613
105.947	127.672
106.100	127.735
106.249	127.799
106.395	127.866
106.537	127.936
106.675	128.008
106.809	128.083
106.938	128.160
107.063	128.240
107.183	128.322
107.299	128.407
107.409	128.494
107.515	128.584
107.615	128.677
107.710	128.772
107.799	128.869
107.883	128.970
107.960	129.072
108.032	129.178
108.099	129.286
108.159	129.397
108.214	129.510
108.264	129.626
108.309	129.745
108.349	129.866
108.385	129.990
108.415	130.117
108.442	130.246
108.464	130.378
108.482	130.513
108.497	130.651
108.507	130.791
108.514	130.934
108.518	131.080
108.519	131.229
108.517	131.381
108.512	131.535
108.504	131.693
108.494	131.853
108.482	132.016
108.467	132.182
108.451	132.351
108.432	132.523
108.413	132.697
108.391	132.875
108.369	133.055
108.344	133.238
108.319	133.424
108.292	133.612
108.263	133.802
108.233	133.994
108.201	134.188
108.167	134.383
108.132	134.581
108.096	134.780
108.058	134.980
108.018	135.181
107.976	135.383
107.933	135.586
107.888	135.790
107.841	135.995
107.793	136.200
107.742	136.405
107.690	136.610
107.637	136.816
107.581	137.021
107.523	137.226
107.464	137.431
107.403	137.635
107.340	137.838
107.275	138.040
107.208	138.242
107.139	138.442
107.068	138.641
106.995	138.838
106.921	139.034
106.844	139.228
106.765	139.421
106.684	139.611
106.601	139.799
106.516	139.985
106.429	140.168
106.339	140.349
106.248	140.527
106.154	140.703
106.059	140.877
105.962	141.050
105.862	141.220
105.761	141.388
105.658	141.555
105.553	141.720
105.446	141.884
105.338	142.046
105.228	142.208
105.116	142.368
105.002	142.527
104.887	142.686
104.770	142.843
104.652	143.001
104.532	143.157
104.411	143.314
104.288	143.470
104.164	143.626
104.039	143.782
103.912	143.938
103.784	144.095
103.655	144.251
103.524	144.409
103.392	144.566
103.259	144.725
103.125	144.884
102.990	145.045
102.853	145.206
102.716	145.369
102.578	145.533
102.439	145.698
102.298	145.865
102.157	146.033
102.015	146.204
101.873	146.376
101.729	146.550
101.585	146.725
101.440	146.902
101.295	147.079
101.150	147.257
101.004	147.436
100.858	147.616
100.712	147.795
100.566	147.975
100.421	148.154
100.275	148.332
100.130	148.510
99.985	148.687
99.840	148.863
99.696	149.038
99.553	149.211
99.410	149.382
99.268	149.551
99.127	149.718
98.988	149.883
98.849	150.045
98.711	150.204
98.575	150.361
98.440	150.513
98.307	150.663
98.175	150.809
98.045	150.950
97.916	151.088
97.789	151.221
97.665	151.350
97.542	151.474
97.421	151.593
97.303	151.707
97.187	151.816
97.073	151.918
96.962	152.015
96.853	152.106
96.747	152.191
96.643	152.270
96.542	152.343
96.442	152.410
96.344	152.473
96.247	152.531
96.151	152.585
96.055	152.634
95.960	152.680
95.865	152.722
95.770	152.762
95.675	152.798
95.578	152.832
95.481	152.864
95.382	152.894
95.281	152.923
95.179	152.950
95.074	152.977
94.967	153.003
94.857	153.029
94.743	153.055
94.627	153.081
94.507	153.108
94.384	153.134
94.257	153.160
94.127	153.186
93.994	153.212
93.856	153.237
93.715	153.262
93.571	153.286
93.422	153.309
93.270	153.332
93.114	153.353
92.954	153.374
92.790	153.393
92.622	153.411
92.449	153.428
92.273	153.443
92.092	153.456
91.907	153.468
91.718	153.478
91.524	153.485
91.326	153.491
91.124	153.495
90.916	153.496
90.705	153.495
90.488	153.492
90.267	153.486
90.041	153.477
89.810	153.466
89.574	153.451
89.333	153.434
89.088	153.413
88.837	153.389
88.581	153.362
88.321	153.332
88.056	153.299
87.787	153.263
87.514	153.224
87.237	153.183
86.957	153.139
86.673	153.092
86.386	153.043
86.096	152.991
85.804	152.937
85.509	152.881
85.212	152.823
84.912	152.763
84.611	152.701
84.309	152.637
84.005	152.571
83.699	152.504
83.393	152.434
83.086	152.364
82.779	152.292
82.471	152.219
82.163	152.144
81.855	152.069
81.548	151.992
81.241	151.914
80.935	151.835
80.630	151.756
80.326	151.676
80.024	151.595
79.723	151.514
79.425	151.432
79.128	151.350
78.834	151.268
78.542	151.185
78.253	151.103
77.967	151.020
77.684	150.937
77.404	150.855
77.128	150.773
76.856	150.691
76.588	150.610
76.324	150.529
76.065	150.448
75.811	150.369
75.561	150.290
75.317	150.212
75.078	150.135
74.844	150.059
74.617	149.984
74.395	149.911
74.180	149.839
73.971	149.768
73.768	149.698
73.572	149.630
73.382	149.564
73.197	149.499
73.018	149.435
72.844	149.373
72.675	149.313
72.511	149.254
72.352	149.196
72.196	149.140
72.045	149.086
71.897	149.034
71.753	148.983
71.612	148.933
71.475	148.885
71.340	148.839
71.207	148.795
71.077	148.752
70.949	148.711
70.823	148.672
70.698	148.634
70.575	148.598
70.453	148.564
70.331	148.531
70.210	148.501
70.090	148.472
69.969	148.445
69.849	148.420
69.728	148.396
69.607	148.374
69.486	148.354
69.367	148.333
69.249	148.314
69.134	148.294
69.022	148.273
68.913	148.251
68.808	148.228
68.708	148.203
68.614	148.175
68.525	148.145
68.443	148.111
68.369	148.074
68.302	148.032
68.243	147.986
68.194	147.935
68.154	147.879
68.124	147.816
68.104	147.748
68.093	147.675
68.091	147.598
68.096	147.516
68.107	147.431
68.125	147.343
68.147	147.253
68.173	147.161
68.203	147.068
68.235	146.974
68.268	146.880
68.303	146.787
68.337	146.695
68.371	146.604
68.402	146.516
68.432	146.430
68.458	146.348
68.482	146.268
68.505	146.189
68.525	146.113
68.545	146.037
68.565	145.962
68.584	145.888
68.604	145.813
68.625	145.738
68.647	145.662
68.671	145.584
68.698	145.504
68.727	145.422
68.760	145.337
68.796	145.249
68.836	145.158
68.879	145.064
68.923	144.970
68.968	144.876
69.011	144.784
69.053	144.695
69.091	144.611
69.124	144.531
69.152	144.459
69.173	144.395
69.185	144.340
69.188	144.296
69.180	144.264
69.160	144.245
