X	Y
74.521	131.142
74.556	130.982
74.605	130.811
74.668	130.632
74.743	130.442
74.830	130.244
74.929	130.038
75.039	129.823
75.160	129.601
75.292	129.371
75.433	129.134
75.584	128.891
75.743	128.642
75.911	128.387
76.087	128.127
76.270	127.862
76.461	127.593
76.658	127.319
76.861	127.042
77.070	126.762
77.283	126.479
77.502	126.194
77.725	125.906
77.951	125.617
78.181	125.327
78.415	125.035
78.652	124.742
78.892	124.449
79.135	124.154
79.382	123.859
79.632	123.562
79.886	123.266
80.142	122.969
80.402	122.672
80.664	122.374
80.930	122.077
81.198	121.779
81.470	121.482
81.744	121.185
82.021	120.888
82.301	120.592
82.583	120.297
82.868	120.003
83.156	119.709
83.446	119.416
83.738	119.125
84.034	118.834
84.331	118.545
84.631	118.258
84.933	117.972
85.237	117.688
85.544	117.406
85.852	117.125
86.163	116.847
86.476	116.571
86.791	116.297
87.107	116.026
87.426	115.757
87.746	115.490
88.069	115.226
88.393	114.964
88.719	114.705
89.047	114.448
89.376	114.193
89.707	113.941
90.040	113.692
90.374	113.445
90.710	113.200
91.048	112.958
91.387	112.719
91.728	112.482
92.070	112.248
92.413	112.016
92.758	111.787
93.104	111.561
93.452	111.337
93.801	111.116
94.151	110.897
94.502	110.681
94.855	110.468
95.209	110.258
95.563	110.050
95.919	109.845
96.276	109.643
96.634	109.443
96.994	109.247
97.354	109.053
97.715	108.862
98.076	108.674
98.439	108.488
98.803	108.306
99.167	108.126
99.533	107.950
99.898	107.776
100.265	107.606
100.632	107.439
101.000	107.276
101.369	107.115
101.738	106.958
102.108	106.805
102.478	106.655
102.849	106.508
103.220	106.365
103.591	106.226
103.963	106.091
104.335	105.959
104.708	105.831
105.080	105.707
105.453	105.587
105.827	105.471
106.200	105.359
106.574	105.252
106.947	105.148
107.321	105.049
107.695	104.954
108.068	104.863
108.442	104.777
108.816	104.695
109.189	104.618
109.563	104.545
109.936	104.477
110.308	104.414
110.680	104.356
111.050	104.302
111.418	104.254
111.784	104.211
112.148	104.173
112.509	104.140
112.867	104.113
113.221	104.091
113.571	104.075
113.916	104.064
114.258	104.060
114.594	104.061
114.924	104.068
115.249	104.082
115.567	104.101
115.880	104.127
116.185	104.159
116.483	104.198
116.773	104.243
117.055	104.295
117.329	104.354
117.594	104.419
117.849	104.491
118.096	104.571
118.332	104.657
118.559	104.751
118.774	104.852
118.978	104.959
119.171	105.074
119.352	105.195
119.521	105.323
119.677	105.458
119.819	105.600
119.948	105.748
120.063	105.903
120.164	106.064
120.250	106.232
120.320	106.406
120.375	106.587
120.414	106.774
120.436	106.967
120.444	107.166
120.438	107.370
120.421	107.580
120.393	107.794
120.355	108.012
120.311	108.235
120.260	108.461
120.204	108.690
120.145	108.922
120.084	109.156
120.023	109.393
119.963	109.631
119.905	109.870
119.852	110.110
119.804	110.351
119.763	110.592
119.730	110.832
119.707	111.072
119.692	111.311
119.685	111.547
119.683	111.782
119.685	112.013
119.689	112.241
119.694	112.464
119.697	112.683
119.699	112.896
119.696	113.103
119.688	113.304
119.672	113.497
119.647	113.683
119.612	113.860
119.565	114.028
119.504	114.187
119.428	114.335
119.336	114.473
119.232	114.603
119.118	114.727
118.997	114.845
118.872	114.960
118.746	115.074
118.621	115.188
118.502	115.303
118.389	115.423
118.287	115.548
118.198	115.680
118.125	115.821
118.072	115.972
118.038	116.135
118.022	116.307
118.020	116.488
118.029	116.675
118.047	116.866
118.071	117.061
118.097	117.256
118.122	117.451
118.144	117.644
118.159	117.832
118.164	118.015
118.157	118.191
118.134	118.357
118.092	118.512
118.029	118.655
117.947	118.787
117.849	118.910
117.740	119.026
117.622	119.136
117.500	119.244
117.378	119.352
117.258	119.461
117.145	119.573
117.043	119.691
116.954	119.817
116.884	119.952
116.834	120.100
116.808	120.260
116.801	120.431
116.810	120.612
116.833	120.800
116.867	120.994
116.908	121.191
116.954	121.392
117.000	121.592
117.045	121.792
117.085	121.989
117.117	122.181
117.138	122.366
117.145	122.544
117.135	122.712
117.104	122.868
117.054	123.013
116.987	123.148
116.907	123.276
116.817	123.397
116.721	123.515
116.621	123.630
116.521	123.745
116.424	123.862
116.334	123.981
116.254	124.106
116.187	124.237
116.136	124.377
116.102	124.526
116.082	124.683
116.075	124.846
116.077	125.015
116.086	125.189
116.101	125.366
116.119	125.546
116.138	125.727
116.155	125.908
116.169	126.089
116.177	126.268
116.176	126.444
116.165	126.616
116.142	126.783
116.106	126.947
116.060	127.107
116.003	127.265
115.936	127.422
115.861	127.578
115.777	127.735
115.687	127.893
115.589	128.053
115.487	128.217
115.379	128.384
115.267	128.557
115.152	128.735
115.034	128.921
114.915	129.114
114.794	129.316
114.673	129.524
114.551	129.740
114.428	129.960
114.304	130.185
114.180	130.413
114.055	130.644
113.930	130.876
113.804	131.108
113.678	131.339
113.552	131.569
113.426	131.796
113.300	132.019
113.174	132.237
113.048	132.450
112.922	132.656
112.797	132.854
112.672	133.043
112.547	133.222
112.423	133.390
112.299	133.548
112.175	133.694
112.050	133.830
111.923	133.957
111.793	134.076
111.660	134.186
111.524	134.288
111.382	134.384
111.235	134.473
111.082	134.556
110.922	134.635
110.755	134.709
110.579	134.779
110.394	134.846
110.200	134.910
109.996	134.972
109.783	135.031
109.561	135.088
109.331	135.142
109.092	135.193
108.845	135.242
108.589	135.288
108.326	135.331
108.056	135.372
107.778	135.410
107.493	135.446
107.202	135.479
106.903	135.510
106.599	135.537
106.288	135.563
105.972	135.586
105.650	135.606
105.323	135.623
104.990	135.638
104.653	135.651
104.311	135.661
103.964	135.668
103.613	135.673
103.259	135.675
102.900	135.676
102.537	135.674
102.171	135.671
101.801	135.666
101.428	135.660
101.052	135.653
100.673	135.644
100.291	135.635
99.906	135.625
99.518	135.614
99.128	135.603
98.736	135.592
98.342	135.581
97.945	135.570
97.547	135.559
97.147	135.548
96.746	135.539
96.343	135.530
95.939	135.522
95.534	135.515
95.128	135.510
94.721	135.506
94.314	135.503
93.906	135.503
93.498	135.505
93.089	135.508
92.681	135.514
92.273	135.523
91.865	135.534
91.457	135.548
91.051	135.564
90.646	135.581
90.243	135.600
89.842	135.620
89.444	135.640
89.049	135.661
88.657	135.681
88.269	135.701
87.885	135.720
87.506	135.737
87.132	135.753
86.763	135.767
86.400	135.779
86.043	135.787
85.693	135.793
85.350	135.795
85.014	135.793
84.686	135.787
84.366	135.776
84.055	135.760
83.753	135.739
83.460	135.712
83.177	135.679
82.904	135.640
82.641	135.593
82.390	135.540
82.150	135.479
81.920	135.411
81.699	135.337
81.486	135.260
81.280	135.179
81.079	135.096
80.881	135.014
80.686	134.931
80.492	134.851
80.298	134.775
80.103	134.702
79.904	134.636
79.702	134.576
79.493	134.525
79.278	134.484
79.055	134.453
78.822	134.435
78.579	134.429
78.324	134.438
78.060	134.458
77.789	134.488
77.513	134.526
77.235	134.569
76.956	134.616
76.679	134.665
76.407	134.713
76.141	134.759
75.884	134.800
75.637	134.835
75.404	134.861
75.185	134.876
74.985	134.879
74.804	134.867
74.646	134.838
74.511	134.790
74.403	134.721
74.324	134.630
74.271	134.517
74.241	134.386
74.232	134.239
74.240	134.078
74.261	133.908
74.293	133.730
74.332	133.547
74.375	133.362
74.418	133.177
74.459	132.996
74.494	132.821
74.520	132.654
74.534	132.499
74.539	132.353
74.535	132.214
74.526	132.082
74.515	131.953
74.503	131.826
74.493	131.698
74.487	131.567
74.488	131.433
74.499	131.291
74.521	131.142
