X	Y
827.000	341.000
828.036	340.134
829.213	339.333
830.529	338.596
831.980	337.921
833.563	337.307
835.274	336.753
837.111	336.257
839.069	335.818
841.146	335.434
843.338	335.106
845.641	334.830
848.053	334.606
850.570	334.432
853.189	334.307
855.906	334.230
858.718	334.199
861.622	334.213
864.614	334.271
867.692	334.372
870.850	334.513
874.088	334.694
877.400	334.913
880.783	335.170
884.235	335.462
887.752	335.788
891.331	336.148
894.968	336.539
898.660	336.960
902.403	337.411
906.195	337.889
910.031	338.393
913.909	338.923
917.825	339.476
921.776	340.052
925.759	340.648
929.769	341.265
933.805	341.899
937.862	342.551
941.937	343.218
946.027	343.900
950.128	344.595
954.238	345.301
958.352	346.018
962.468	346.743
966.581	347.477
970.690	348.217
974.790	348.962
978.878	349.710
982.954	350.463
987.018	351.218
991.069	351.978
995.108	352.740
999.134	353.506
1003.147	354.275
1007.147	355.047
1011.134	355.823
1015.108	356.601
1019.068	357.383
1023.015	358.167
1026.948	358.954
1030.868	359.744
1034.774	360.537
1038.666	361.332
1042.544	362.130
1046.408	362.931
1050.257	363.734
1054.092	364.539
1057.913	365.347
1061.718	366.157
1065.509	366.970
1069.285	367.784
1073.047	368.601
1076.792	369.419
1080.523	370.240
1084.238	371.062
1087.938	371.887
1091.622	372.713
1095.290	373.541
1098.943	374.370
1102.579	375.201
1106.199	376.034
1109.803	376.868
1113.391	377.703
1116.962	378.540
1120.517	379.378
1124.055	380.218
1127.576	381.058
1131.080	381.900
1134.567	382.742
1138.036	383.586
1141.489	384.430
1144.923	385.275
1148.341	386.121
1151.740	386.968
1155.122	387.815
1158.486	388.663
1161.832	389.512
1165.159	390.361
1168.469	391.210
1171.759	392.059
1175.032	392.909
1178.285	393.759
1181.520	394.609
1184.736	395.460
1187.933	396.310
1191.113	397.161
1194.275	398.012
1197.420	398.865
1200.549	399.718
1203.662	400.573
1206.761	401.429
1209.845	402.287
1212.916	403.147
1215.974	404.010
1219.020	404.874
1222.053	405.742
1225.076	406.613
1228.088	407.486
1231.091	408.363
1234.084	409.244
1237.068	410.129
1240.045	411.018
1243.014	411.911
1245.977	412.809
1248.933	413.711
1251.884	414.619
1254.830	415.532
1257.772	416.451
1260.711	417.375
1263.646	418.305
1266.579	419.241
1269.511	420.184
1272.441	421.134
1275.371	422.090
1278.301	423.054
1281.232	424.025
1284.165	425.003
1287.099	425.990
1290.036	426.984
1292.977	427.987
1295.921	428.999
1298.871	430.019
1301.825	431.048
1304.785	432.087
1307.752	433.135
1310.725	434.192
1313.707	435.260
1316.697	436.337
1319.696	437.426
1322.704	438.524
1325.723	439.634
1328.750	440.755
1331.785	441.888
1334.824	443.033
1337.866	444.192
1340.908	445.364
1343.948	446.551
1346.984	447.752
1350.013	448.969
1353.033	450.201
1356.042	451.451
1359.038	452.717
1362.018	454.002
1364.980	455.304
1367.922	456.626
1370.842	457.967
1373.736	459.329
1376.604	460.711
1379.443	462.115
1382.250	463.540
1385.024	464.988
1387.762	466.460
1390.461	467.955
1393.120	469.474
1395.736	471.018
1398.307	472.587
1400.831	474.183
1403.305	475.805
1405.728	477.455
1408.096	479.132
1410.408	480.838
1412.662	482.573
1414.855	484.337
1416.985	486.132
1419.049	487.957
1421.046	489.814
1422.972	491.703
1424.827	493.624
1426.608	495.579
1428.311	497.567
1429.936	499.589
1431.480	501.647
1432.940	503.740
1434.314	505.869
1435.601	508.035
1436.799	510.236
1437.910	512.472
1438.936	514.740
1439.878	517.038
1440.737	519.364
1441.515	521.715
1442.214	524.091
1442.834	526.489
1443.377	528.907
1443.845	531.342
1444.239	533.794
1444.561	536.260
1444.812	538.737
1444.994	541.225
1445.107	543.720
1445.154	546.221
1445.136	548.726
1445.055	551.233
1444.911	553.740
1444.707	556.245
1444.443	558.746
1444.122	561.240
1443.744	563.727
1443.311	566.203
1442.825	568.667
1442.288	571.116
1441.699	573.550
1441.062	575.965
1440.377	578.361
1439.646	580.733
1438.871	583.082
1438.052	585.405
1437.192	587.699
1436.291	589.963
1435.352	592.194
1434.375	594.392
1433.362	596.554
1432.313	598.680
1431.229	600.771
1430.109	602.826
1428.954	604.843
1427.766	606.824
1426.544	608.768
1425.289	610.674
1424.001	612.542
1422.681	614.372
1421.329	616.163
1419.946	617.916
1418.532	619.628
1417.087	621.302
1415.613	622.935
1414.110	624.528
1412.577	626.081
1411.016	627.592
1409.427	629.062
1407.811	630.490
1406.167	631.877
1404.498	633.221
1402.802	634.522
1401.080	635.781
1399.333	636.996
1397.561	638.167
1395.766	639.294
1393.946	640.377
1392.104	641.416
1390.238	642.409
1388.350	643.356
1386.440	644.259
1384.509	645.115
1382.556	645.927
1380.580	646.696
1378.581	647.423
1376.560	648.110
1374.514	648.757
1372.445	649.366
1370.351	649.938
1368.232	650.475
1366.088	650.977
1363.918	651.446
1361.723	651.882
1359.501	652.289
1357.252	652.665
1354.976	653.014
1352.672	653.335
1350.340	653.631
1347.980	653.902
1345.591	654.150
1343.173	654.376
1340.725	654.581
1338.247	654.767
1335.739	654.935
1333.199	655.085
1330.629	655.219
1328.027	655.339
1325.393	655.446
1322.726	655.541
1320.027	655.625
1317.294	655.699
1314.528	655.765
1311.728	655.823
1308.893	655.876
1306.024	655.924
1303.119	655.969
1300.178	656.012
1297.203	656.053
1294.192	656.093
1291.149	656.131
1288.073	656.167
1284.966	656.202
1281.830	656.234
1278.664	656.264
1275.472	656.292
1272.253	656.316
1269.009	656.338
1265.740	656.357
1262.449	656.373
1259.136	656.386
1255.803	656.395
1252.450	656.401
1249.080	656.402
1245.692	656.400
1242.288	656.394
1238.869	656.383
1235.437	656.368
1231.992	656.348
1228.536	656.323
1225.070	656.293
1221.595	656.258
1218.112	656.218
1214.623	656.172
1211.128	656.121
1207.628	656.064
1204.126	656.001
1200.621	655.931
1197.116	655.856
1193.611	655.774
1190.108	655.685
1186.607	655.589
1183.110	655.487
1179.617	655.377
1176.131	655.260
1172.652	655.135
1169.182	655.003
1165.721	654.862
1162.271	654.714
1158.833	654.558
1155.408	654.393
1151.997	654.220
1148.601	654.038
1145.222	653.847
1141.861	653.648
1138.518	653.439
1135.196	653.220
1131.895	652.993
1128.615	652.755
1125.358	652.508
1122.122	652.250
1118.906	651.981
1115.711	651.702
1112.536	651.411
1109.381	651.108
1106.245	650.794
1103.127	650.467
1100.027	650.128
1096.945	649.775
1093.880	649.410
1090.832	649.030
1087.800	648.637
1084.784	648.230
1081.783	647.808
1078.797	647.371
1075.825	646.919
1072.868	646.451
1069.924	645.968
1066.993	645.468
1064.074	644.952
1061.168	644.419
1058.273	643.868
1055.389	643.300
1052.516	642.715
1049.653	642.111
1046.801	641.489
1043.957	640.848
1041.122	640.187
1038.296	639.507
1035.477	638.808
1032.666	638.088
1029.862	637.348
1027.065	636.587
1024.274	635.805
1021.488	635.002
1018.707	634.177
1015.932	633.330
1013.160	632.460
1010.392	631.568
1007.627	630.652
1004.866	629.714
1002.106	628.751
999.349	627.765
996.593	626.754
993.840	625.720
991.091	624.662
988.346	623.581
985.605	622.478
982.871	621.352
980.143	620.205
977.423	619.036
974.712	617.846
972.009	616.635
969.317	615.404
966.635	614.153
963.965	612.882
961.308	611.593
958.664	610.284
956.034	608.958
953.419	607.613
950.820	606.251
948.238	604.872
945.673	603.475
943.127	602.063
940.599	600.634
938.092	599.190
935.605	597.730
933.140	596.256
930.698	594.767
928.278	593.265
925.883	591.748
923.513	590.218
921.169	588.675
918.851	587.120
916.561	585.553
914.298	583.974
912.065	582.383
909.862	580.782
907.690	579.170
905.549	577.548
903.440	575.916
901.365	574.274
899.324	572.624
897.318	570.965
895.347	569.298
893.413	567.623
891.516	565.940
889.655	564.250
887.831	562.553
886.044	560.849
884.294	559.138
882.580	557.421
880.904	555.698
879.265	553.968
877.662	552.233
876.097	550.493
874.569	548.747
873.077	546.996
871.623	545.240
870.207	543.480
868.827	541.715
867.485	539.947
866.180	538.174
864.912	536.398
863.682	534.618
862.490	532.835
861.334	531.050
860.217	529.261
859.136	527.470
858.094	525.677
857.089	523.882
856.121	522.085
855.192	520.286
854.300	518.486
853.446	516.685
852.630	514.883
851.851	513.080
851.111	511.277
850.408	509.474
849.741	507.670
849.109	505.866
848.510	504.061
847.942	502.255
847.402	500.447
846.890	498.637
846.403	496.826
845.940	495.012
845.498	493.195
845.076	491.376
844.672	489.553
844.284	487.727
843.911	485.898
843.549	484.064
843.199	482.226
842.857	480.384
842.522	478.537
842.192	476.685
841.865	474.827
841.540	472.964
841.214	471.095
840.886	469.220
840.553	467.338
840.215	465.450
839.869	463.554
839.513	461.652
839.146	459.741
838.765	457.823
838.371	455.898
837.965	453.967
837.548	452.032
837.120	450.095
836.684	448.155
836.241	446.216
835.791	444.278
835.335	442.343
834.876	440.412
834.413	438.487
833.949	436.569
833.483	434.659
833.019	432.759
832.555	430.870
832.095	428.994
831.638	427.132
831.187	425.286
830.741	423.456
830.303	421.645
829.874	419.854
829.454	418.084
829.045	416.336
828.647	414.612
828.263	412.914
827.893	411.242
827.539	409.599
827.201	407.985
826.880	406.403
826.578	404.851
826.294	403.331
826.028	401.841
825.780	400.379
825.548	398.947
825.334	397.542
825.137	396.163
824.956	394.811
824.792	393.484
824.644	392.182
824.512	390.904
824.396	389.648
824.295	388.414
824.209	387.202
824.139	386.010
824.083	384.838
824.042	383.686
824.014	382.551
824.001	381.433
824.002	380.333
824.015	379.246
824.037	378.172
824.067	377.106
824.102	376.046
824.138	374.989
824.175	373.932
824.208	372.873
824.237	371.808
824.258	370.734
824.268	369.650
824.266	368.551
824.248	367.434
824.213	366.298
824.157	365.139
824.079	363.955
823.976	362.741
823.848	361.499
823.705	360.232
823.556	358.946
823.409	357.647
823.276	356.339
823.164	355.028
823.085	353.719
823.046	352.418
823.058	351.130
823.130	349.860
823.271	348.613
823.491	347.396
823.800	346.213
824.206	345.070
824.720	343.972
825.351	342.924
826.107	341.931
827.000	341.000
