X	Y
8.807	5.216
8.818	5.203
8.830	5.189
8.842	5.177
8.856	5.165
8.870	5.153
8.885	5.141
8.901	5.130
8.918	5.119
8.935	5.108
8.954	5.098
8.973	5.088
8.993	5.079
9.014	5.070
9.036	5.061
9.059	5.053
9.082	5.045
9.107	5.038
9.132	5.030
9.158	5.024
9.185	5.017
9.212	5.011
9.241	5.006
9.270	5.000
9.301	4.996
9.332	4.991
9.363	4.987
9.396	4.983
9.429	4.980
9.464	4.977
9.498	4.974
9.534	4.972
9.570	4.970
9.607	4.968
9.644	4.967
9.682	4.966
9.721	4.965
9.760	4.964
9.800	4.964
9.840	4.964
9.880	4.964
9.921	4.965
9.963	4.966
10.005	4.967
10.047	4.968
10.090	4.969
10.132	4.971
10.176	4.973
10.219	4.975
10.263	4.977
10.307	4.980
10.351	4.982
10.396	4.985
10.441	4.988
10.485	4.991
10.530	4.994
10.575	4.998
10.620	5.001
10.666	5.005
10.711	5.008
10.756	5.012
10.801	5.016
10.846	5.020
10.891	5.024
10.936	5.028
10.981	5.032
11.026	5.037
11.071	5.041
11.115	5.045
11.160	5.049
11.204	5.054
11.248	5.058
11.292	5.063
11.335	5.067
11.379	5.072
11.422	5.077
11.466	5.081
11.509	5.086
11.551	5.091
11.594	5.096
11.637	5.101
11.679	5.106
11.721	5.112
11.763	5.117
11.805	5.122
11.846	5.128
11.887	5.133
11.928	5.139
11.969	5.145
12.010	5.151
12.050	5.157
12.090	5.163
12.130	5.169
12.170	5.175
12.209	5.181
12.249	5.188
12.288	5.194
12.326	5.201
12.365	5.208
12.403	5.215
12.441	5.222
12.479	5.229
12.516	5.237
12.553	5.244
12.590	5.252
12.627	5.259
12.663	5.267
12.699	5.275
12.735	5.283
12.770	5.292
12.806	5.300
12.841	5.309
12.875	5.317
12.909	5.326
12.944	5.335
12.977	5.345
13.011	5.354
13.044	5.364
13.077	5.374
13.110	5.384
13.143	5.395
13.175	5.405
13.207	5.416
13.239	5.427
13.271	5.439
13.303	5.451
13.334	5.463
13.365	5.475
13.396	5.488
13.427	5.501
13.457	5.514
13.488	5.528
13.518	5.541
13.548	5.556
13.578	5.571
13.608	5.586
13.638	5.601
13.667	5.617
13.697	5.633
13.726	5.650
13.755	5.667
13.784	5.684
13.813	5.702
13.842	5.720
13.871	5.739
13.899	5.758
13.928	5.778
13.956	5.798
13.984	5.819
14.011	5.839
14.039	5.860
14.066	5.882
14.092	5.903
14.118	5.925
14.144	5.947
14.169	5.970
14.194	5.992
14.217	6.015
14.241	6.037
14.263	6.060
14.285	6.083
14.306	6.106
14.326	6.129
14.345	6.152
14.363	6.175
14.381	6.198
14.397	6.221
14.412	6.244
14.426	6.267
14.439	6.289
14.451	6.312
14.462	6.334
14.471	6.356
14.479	6.378
14.486	6.399
14.491	6.420
14.495	6.441
14.498	6.462
14.499	6.483
14.499	6.503
14.498	6.523
14.496	6.543
14.492	6.564
14.488	6.584
14.482	6.604
14.476	6.624
14.469	6.644
14.460	6.665
14.451	6.685
14.441	6.706
14.430	6.727
14.419	6.748
14.407	6.770
14.394	6.792
14.381	6.814
14.367	6.837
14.353	6.860
14.338	6.884
14.323	6.908
14.307	6.933
14.291	6.959
14.275	6.984
14.259	7.011
14.242	7.037
14.225	7.064
14.208	7.091
14.191	7.119
14.173	7.146
14.155	7.174
14.138	7.202
14.120	7.231
14.102	7.259
14.084	7.287
14.066	7.315
14.048	7.344
14.030	7.372
14.013	7.400
13.995	7.428
13.977	7.455
13.960	7.483
13.943	7.510
13.926	7.537
13.909	7.564
13.892	7.590
13.876	7.615
13.860	7.641
13.844	7.666
13.829	7.690
13.814	7.713
13.800	7.737
13.786	7.759
13.772	7.781
13.759	7.802
13.746	7.822
13.733	7.842
13.721	7.861
13.709	7.880
13.697	7.899
13.685	7.917
13.673	7.935
13.661	7.952
13.649	7.969
13.637	7.986
13.624	8.003
13.611	8.020
13.598	8.036
13.585	8.053
13.571	8.070
13.557	8.086
13.542	8.103
13.526	8.120
13.510	8.138
13.493	8.155
13.475	8.173
13.457	8.191
13.437	8.209
13.417	8.228
13.396	8.247
13.374	8.267
13.352	8.287
13.329	8.307
13.305	8.327
13.281	8.348
13.256	8.368
13.231	8.389
13.205	8.411
13.179	8.432
13.153	8.454
13.126	8.475
13.099	8.497
13.072	8.519
13.044	8.541
13.017	8.564
12.989	8.586
12.961	8.608
12.934	8.631
12.906	8.653
12.878	8.676
12.851	8.699
12.823	8.721
12.796	8.744
12.769	8.766
12.742	8.789
12.716	8.811
12.690	8.833
12.664	8.855
12.639	8.877
12.614	8.899
12.590	8.921
12.566	8.943
12.543	8.964
12.521	8.986
12.498	9.007
12.477	9.028
12.455	9.049
12.434	9.069
12.414	9.089
12.394	9.110
12.374	9.130
12.354	9.149
12.335	9.169
12.316	9.188
12.297	9.207
12.279	9.226
12.261	9.244
12.242	9.263
12.224	9.280
12.206	9.298
12.188	9.316
12.170	9.333
12.153	9.349
12.135	9.366
12.117	9.382
12.099	9.398
12.081	9.414
12.063	9.429
12.045	9.444
12.026	9.458
12.008	9.473
11.989	9.486
11.970	9.500
11.951	9.513
11.931	9.526
11.911	9.539
11.891	9.551
11.870	9.564
11.849	9.576
11.828	9.587
11.806	9.599
11.783	9.610
11.760	9.621
11.736	9.632
11.711	9.643
11.686	9.653
11.660	9.663
11.634	9.674
11.606	9.684
11.578	9.694
11.549	9.703
11.519	9.713
11.488	9.723
11.457	9.732
11.424	9.742
11.390	9.751
11.355	9.761
11.320	9.770
11.283	9.779
11.245	9.788
11.206	9.797
11.167	9.806
11.127	9.815
11.085	9.824
11.044	9.832
11.001	9.841
10.958	9.849
10.915	9.857
10.871	9.865
10.826	9.872
10.781	9.880
10.736	9.887
10.691	9.894
10.645	9.900
10.599	9.906
10.553	9.912
10.507	9.918
10.461	9.923
10.415	9.928
10.370	9.932
10.324	9.936
10.279	9.939
10.233	9.943
10.189	9.945
10.144	9.947
10.100	9.949
10.057	9.950
10.014	9.951
9.971	9.951
9.930	9.951
9.889	9.950
9.848	9.948
9.809	9.946
9.770	9.943
9.733	9.940
9.696	9.936
9.660	9.931
9.626	9.925
9.592	9.919
9.560	9.912
9.529	9.905
9.499	9.897
9.470	9.888
9.443	9.878
9.417	9.867
9.392	9.856
9.368	9.844
9.345	9.832
9.323	9.818
9.302	9.804
9.283	9.789
9.264	9.774
9.246	9.758
9.229	9.741
9.213	9.723
9.198	9.705
9.184	9.686
9.170	9.666
9.158	9.646
9.146	9.625
9.135	9.603
9.124	9.580
9.115	9.557
9.106	9.533
9.097	9.509
9.089	9.484
9.082	9.458
9.075	9.431
9.069	9.404
9.064	9.376
9.059	9.348
9.054	9.319
9.050	9.289
9.046	9.259
9.043	9.229
9.040	9.198
9.038	9.166
9.035	9.134
9.034	9.102
9.032	9.069
9.031	9.035
9.030	9.002
9.030	8.968
9.030	8.933
9.030	8.898
9.030	8.863
9.030	8.828
9.031	8.792
9.031	8.756
9.032	8.720
9.033	8.683
9.034	8.647
9.036	8.610
9.037	8.573
9.038	8.536
9.040	8.498
9.041	8.461
9.042	8.423
9.044	8.386
9.045	8.348
9.046	8.310
9.047	8.273
9.048	8.235
9.049	8.197
9.050	8.159
9.051	8.122
9.051	8.084
9.052	8.046
9.052	8.009
9.053	7.971
9.053	7.934
9.053	7.897
9.053	7.860
9.053	7.823
9.052	7.786
9.052	7.749
9.051	7.713
9.051	7.677
9.050	7.641
9.049	7.605
9.047	7.569
9.046	7.534
9.044	7.499
9.042	7.464
9.040	7.430
9.038	7.396
9.036	7.362
9.033	7.329
9.030	7.295
9.027	7.263
9.024	7.230
9.021	7.199
9.017	7.167
9.013	7.136
9.009	7.105
9.005	7.075
9.000	7.045
8.995	7.016
8.990	6.988
8.985	6.959
8.979	6.931
8.973	6.904
8.967	6.877
8.961	6.850
8.955	6.824
8.948	6.798
8.942	6.773
8.935	6.747
8.928	6.722
8.921	6.698
8.914	6.673
8.907	6.649
8.899	6.625
8.892	6.601
8.885	6.578
8.877	6.554
8.870	6.531
8.862	6.508
8.855	6.485
8.847	6.462
8.840	6.439
8.832	6.417
8.824	6.394
8.817	6.372
8.810	6.349
8.802	6.326
8.795	6.304
8.788	6.282
8.781	6.259
8.774	6.237
8.767	6.215
8.761	6.193
8.754	6.171
8.748	6.150
8.742	6.128
8.736	6.107
8.731	6.086
8.725	6.065
8.720	6.044
8.716	6.023
8.711	6.003
8.707	5.983
8.703	5.964
8.700	5.944
8.697	5.925
8.694	5.906
8.692	5.888
8.690	5.870
8.689	5.852
8.688	5.835
8.687	5.818
8.686	5.801
8.686	5.784
8.686	5.768
8.686	5.752
8.687	5.737
8.687	5.722
8.688	5.707
8.689	5.692
8.690	5.677
8.691	5.663
8.692	5.649
8.693	5.635
8.694	5.622
8.696	5.609
8.697	5.596
8.698	5.583
8.700	5.570
8.701	5.557
8.703	5.544
8.704	5.531
8.706	5.518
8.708	5.505
8.710	5.492
8.712	5.478
8.714	5.465
8.717	5.451
8.719	5.436
8.722	5.422
8.725	5.407
8.728	5.392
8.732	5.378
8.736	5.362
8.741	5.347
8.746	5.332
8.751	5.317
8.757	5.302
8.764	5.287
8.771	5.273
8.779	5.258
8.787	5.244
8.797	5.230
8.807	5.216
