X	Y
26.969	12.952
27.026	12.931
27.091	12.912
27.163	12.894
27.242	12.877
27.327	12.862
27.418	12.849
27.516	12.836
27.619	12.825
27.728	12.814
27.842	12.805
27.960	12.797
28.084	12.789
28.212	12.783
28.344	12.777
28.479	12.772
28.619	12.767
28.762	12.763
28.907	12.760
29.056	12.757
29.207	12.754
29.360	12.752
29.516	12.750
29.673	12.748
29.831	12.747
29.991	12.745
30.152	12.744
30.313	12.742
30.474	12.740
30.636	12.738
30.798	12.736
30.959	12.734
31.119	12.731
31.279	12.727
31.437	12.723
31.594	12.719
31.749	12.714
31.903	12.709
32.055	12.703
32.206	12.696
32.356	12.690
32.504	12.683
32.651	12.675
32.797	12.668
32.941	12.660
33.084	12.652
33.225	12.643
33.366	12.635
33.505	12.627
33.643	12.618
33.780	12.609
33.915	12.601
34.050	12.593
34.183	12.584
34.315	12.576
34.446	12.568
34.576	12.560
34.705	12.553
34.833	12.545
34.960	12.538
35.086	12.532
35.211	12.526
35.336	12.520
35.459	12.515
35.581	12.510
35.702	12.506
35.823	12.502
35.943	12.499
36.062	12.497
36.180	12.495
36.297	12.494
36.414	12.494
36.529	12.495
36.645	12.496
36.759	12.498
36.873	12.501
36.987	12.504
37.099	12.508
37.212	12.513
37.323	12.518
37.435	12.524
37.546	12.530
37.656	12.538
37.767	12.545
37.877	12.554
37.986	12.563
38.096	12.572
38.205	12.582
38.314	12.593
38.422	12.604
38.531	12.615
38.640	12.627
38.748	12.640
38.857	12.653
38.965	12.667
39.074	12.681
39.182	12.695
39.291	12.710
39.400	12.725
39.509	12.741
39.618	12.757
39.727	12.774
39.837	12.791
39.946	12.808
40.055	12.827
40.164	12.846
40.273	12.865
40.382	12.885
40.491	12.906
40.600	12.928
40.708	12.951
40.816	12.974
40.924	12.998
41.032	13.023
41.139	13.049
41.245	13.076
41.351	13.104
41.457	13.133
41.562	13.163
41.667	13.194
41.771	13.226
41.874	13.260
41.977	13.294
42.079	13.330
42.181	13.367
42.281	13.406
42.381	13.446
42.480	13.487
42.578	13.529
42.674	13.573
42.770	13.618
42.863	13.665
42.956	13.713
43.046	13.762
43.134	13.813
43.220	13.865
43.304	13.919
43.385	13.974
43.464	14.030
43.539	14.088
43.612	14.147
43.681	14.207
43.747	14.269
43.810	14.333
43.868	14.397
43.923	14.464
43.974	14.531
44.020	14.600
44.062	14.670
44.100	14.742
44.133	14.815
44.160	14.890
44.183	14.966
44.202	15.043
44.216	15.121
44.225	15.201
44.231	15.281
44.232	15.363
44.230	15.445
44.224	15.528
44.215	15.611
44.202	15.695
44.186	15.780
44.167	15.865
44.146	15.950
44.122	16.036
44.095	16.121
44.067	16.207
44.036	16.293
44.003	16.378
43.968	16.463
43.932	16.548
43.895	16.633
43.856	16.717
43.815	16.801
43.774	16.884
43.731	16.967
43.687	17.050
43.642	17.132
43.596	17.214
43.548	17.295
43.500	17.376
43.450	17.457
43.399	17.537
43.347	17.616
43.294	17.696
43.240	17.775
43.185	17.854
43.129	17.932
43.072	18.010
43.014	18.088
42.955	18.165
42.895	18.242
42.834	18.319
42.773	18.395
42.710	18.471
42.647	18.547
42.582	18.622
42.517	18.698
42.451	18.772
42.385	18.847
42.318	18.920
42.249	18.993
42.181	19.066
42.111	19.138
42.041	19.209
41.970	19.279
41.899	19.348
41.827	19.416
41.754	19.483
41.681	19.550
41.607	19.615
41.532	19.678
41.457	19.741
41.382	19.802
41.306	19.862
41.229	19.920
41.153	19.977
41.075	20.032
40.997	20.086
40.919	20.138
40.841	20.188
40.762	20.236
40.682	20.283
40.603	20.327
40.523	20.370
40.444	20.412
40.365	20.452
40.285	20.491
40.207	20.529
40.128	20.566
40.050	20.601
39.973	20.636
39.897	20.670
39.821	20.703
39.747	20.736
39.674	20.769
39.601	20.800
39.530	20.832
39.461	20.864
39.393	20.895
39.327	20.927
39.262	20.958
39.199	20.990
39.139	21.022
39.080	21.055
39.022	21.088
38.966	21.122
38.911	21.156
38.858	21.191
38.805	21.226
38.752	21.263
38.701	21.300
38.650	21.338
38.598	21.377
38.547	21.416
38.496	21.457
38.444	21.499
38.392	21.542
38.339	21.586
38.286	21.632
38.231	21.678
38.175	21.726
38.119	21.774
38.061	21.822
38.002	21.871
37.943	21.919
37.882	21.966
37.821	22.012
37.759	22.057
37.696	22.100
37.632	22.141
37.568	22.180
37.502	22.216
37.436	22.249
37.370	22.279
37.302	22.305
37.234	22.328
37.165	22.345
37.096	22.358
37.026	22.367
36.956	22.371
36.885	22.372
36.814	22.369
36.744	22.365
36.674	22.358
36.604	22.351
36.534	22.343
36.466	22.335
36.398	22.328
36.332	22.323
36.267	22.319
36.203	22.319
36.141	22.322
36.081	22.328
36.022	22.339
35.966	22.356
35.912	22.378
35.860	22.406
35.810	22.438
35.761	22.475
35.713	22.515
35.665	22.558
35.618	22.604
35.570	22.652
35.523	22.701
35.474	22.750
35.424	22.800
35.372	22.850
35.319	22.898
35.263	22.945
35.205	22.990
35.144	23.032
35.080	23.071
35.012	23.107
34.940	23.138
34.865	23.165
34.788	23.188
34.707	23.208
34.624	23.223
34.539	23.236
34.452	23.245
34.363	23.250
34.274	23.252
34.183	23.251
34.092	23.247
34.000	23.240
33.909	23.230
33.818	23.217
33.727	23.201
33.638	23.183
33.549	23.162
33.462	23.139
33.377	23.114
33.294	23.086
33.214	23.056
33.136	23.024
33.061	22.991
32.988	22.956
32.918	22.920
32.849	22.884
32.783	22.848
32.718	22.812
32.655	22.777
32.593	22.744
32.532	22.713
32.472	22.684
32.412	22.658
32.353	22.635
32.294	22.615
32.234	22.600
32.175	22.590
32.115	22.584
32.054	22.584
31.992	22.590
31.929	22.602
31.866	22.619
31.801	22.641
31.736	22.667
31.669	22.696
31.602	22.729
31.534	22.765
31.466	22.803
31.396	22.842
31.326	22.883
31.256	22.925
31.184	22.967
31.112	23.008
31.040	23.049
30.967	23.088
30.894	23.126
30.820	23.161
30.745	23.194
30.671	23.223
30.596	23.249
30.521	23.271
30.445	23.289
30.369	23.303
30.293	23.315
30.217	23.322
30.141	23.327
30.065	23.328
29.989	23.326
29.913	23.321
29.838	23.312
29.762	23.301
29.687	23.287
29.612	23.271
29.537	23.252
29.463	23.230
29.389	23.205
29.315	23.178
29.243	23.149
29.170	23.118
29.099	23.084
29.028	23.048
28.958	23.010
28.888	22.970
28.819	22.927
28.751	22.882
28.684	22.836
28.618	22.787
28.552	22.735
28.488	22.682
28.424	22.627
28.361	22.569
28.300	22.510
28.239	22.448
28.179	22.384
28.121	22.318
28.063	22.251
28.007	22.181
27.951	22.109
27.897	22.035
27.844	21.959
27.793	21.880
27.742	21.800
27.693	21.718
27.646	21.635
27.599	21.549
27.554	21.461
27.511	21.372
27.468	21.281
27.428	21.188
27.388	21.093
27.351	20.997
27.314	20.899
27.280	20.799
27.247	20.698
27.215	20.595
27.185	20.491
27.157	20.386
27.131	20.279
27.106	20.170
27.083	20.060
27.062	19.949
27.042	19.837
27.024	19.723
27.008	19.608
26.994	19.492
26.982	19.375
26.972	19.257
26.964	19.137
26.958	19.017
26.953	18.896
26.950	18.774
26.948	18.651
26.947	18.529
26.947	18.406
26.949	18.283
26.950	18.160
26.952	18.037
26.955	17.915
26.957	17.794
26.960	17.673
26.962	17.553
26.964	17.434
26.965	17.317
26.965	17.200
26.965	17.086
26.963	16.972
26.960	16.861
26.956	16.752
26.950	16.645
26.942	16.540
26.932	16.438
26.920	16.338
26.905	16.242
26.888	16.148
26.869	16.057
26.846	15.969
26.821	15.885
26.792	15.804
26.761	15.727
26.727	15.652
26.692	15.580
26.655	15.510
26.617	15.442
26.578	15.376
26.539	15.312
26.500	15.249
26.461	15.186
26.423	15.125
26.386	15.064
26.351	15.003
26.317	14.943
26.285	14.882
26.257	14.820
26.231	14.757
26.208	14.694
26.189	14.629
26.174	14.562
26.163	14.495
26.156	14.426
26.152	14.357
26.151	14.288
26.154	14.219
26.159	14.150
26.168	14.082
26.179	14.015
26.193	13.950
26.209	13.887
26.227	13.825
26.248	13.766
26.270	13.710
26.294	13.657
26.320	13.608
26.347	13.562
26.375	13.520
26.404	13.481
26.434	13.445
26.464	13.412
26.494	13.380
26.524	13.351
26.553	13.322
26.582	13.295
26.609	13.268
26.635	13.241
26.659	13.214
26.682	13.186
26.704	13.158
26.726	13.130
26.750	13.103
26.776	13.075
26.805	13.049
26.837	13.023
26.875	12.998
26.918	12.974
26.969	12.952
