X	Y
11.478	6.093
11.498	6.077
11.522	6.063
11.548	6.049
11.576	6.036
11.607	6.024
11.640	6.013
11.676	6.003
11.714	5.994
11.754	5.986
11.796	5.978
11.841	5.971
11.887	5.965
11.935	5.960
11.985	5.955
12.037	5.951
12.090	5.948
12.145	5.945
12.202	5.943
12.260	5.941
12.320	5.940
12.381	5.940
12.444	5.940
12.507	5.940
12.572	5.941
12.638	5.943
12.705	5.944
12.773	5.947
12.842	5.949
12.912	5.952
12.983	5.955
13.054	5.959
13.126	5.962
13.199	5.966
13.272	5.971
13.345	5.975
13.419	5.979
13.494	5.984
13.568	5.989
13.643	5.994
13.718	5.999
13.793	6.004
13.868	6.009
13.943	6.014
14.017	6.019
14.092	6.023
14.166	6.028
14.240	6.033
14.313	6.037
14.386	6.042
14.459	6.046
14.531	6.050
14.603	6.054
14.675	6.058
14.746	6.062
14.816	6.066
14.887	6.069
14.956	6.073
15.026	6.076
15.095	6.079
15.163	6.082
15.232	6.085
15.299	6.088
15.367	6.090
15.433	6.093
15.500	6.095
15.566	6.097
15.631	6.099
15.696	6.101
15.761	6.103
15.825	6.104
15.889	6.106
15.952	6.107
16.015	6.108
16.078	6.110
16.140	6.110
16.201	6.111
16.262	6.112
16.323	6.112
16.383	6.113
16.443	6.113
16.502	6.113
16.561	6.113
16.619	6.113
16.677	6.112
16.734	6.112
16.791	6.111
16.847	6.110
16.903	6.109
16.959	6.108
17.014	6.107
17.068	6.105
17.122	6.104
17.176	6.102
17.229	6.100
17.281	6.098
17.333	6.096
17.385	6.093
17.436	6.091
17.486	6.088
17.536	6.085
17.585	6.083
17.634	6.080
17.683	6.077
17.731	6.074
17.778	6.071
17.825	6.069
17.872	6.066
17.918	6.064
17.963	6.062
18.008	6.060
18.052	6.059
18.096	6.057
18.139	6.056
18.182	6.056
18.224	6.056
18.266	6.056
18.307	6.057
18.348	6.058
18.388	6.060
18.428	6.062
18.467	6.065
18.505	6.068
18.543	6.073
18.581	6.078
18.618	6.083
18.654	6.090
18.690	6.097
18.725	6.105
18.760	6.114
18.794	6.123
18.827	6.134
18.860	6.146
18.893	6.158
18.925	6.172
18.956	6.186
18.987	6.201
19.017	6.218
19.046	6.234
19.075	6.252
19.103	6.271
19.131	6.290
19.158	6.310
19.184	6.330
19.209	6.352
19.234	6.374
19.258	6.396
19.282	6.420
19.304	6.444
19.326	6.468
19.348	6.493
19.368	6.519
19.388	6.545
19.407	6.571
19.425	6.598
19.442	6.625
19.459	6.653
19.474	6.681
19.489	6.710
19.503	6.739
19.516	6.768
19.529	6.798
19.541	6.827
19.552	6.858
19.562	6.888
19.572	6.919
19.581	6.949
19.589	6.980
19.597	7.012
19.604	7.043
19.611	7.075
19.617	7.106
19.622	7.138
19.627	7.170
19.632	7.202
19.636	7.234
19.640	7.266
19.643	7.298
19.646	7.330
19.649	7.362
19.651	7.394
19.653	7.426
19.655	7.457
19.657	7.489
19.658	7.521
19.659	7.552
19.659	7.584
19.659	7.615
19.659	7.646
19.658	7.677
19.657	7.707
19.655	7.738
19.652	7.768
19.649	7.798
19.646	7.827
19.641	7.857
19.636	7.886
19.630	7.915
19.623	7.943
19.615	7.971
19.607	7.999
19.597	8.027
19.587	8.054
19.575	8.080
19.563	8.107
19.549	8.132
19.534	8.158
19.518	8.183
19.501	8.207
19.483	8.232
19.464	8.255
19.444	8.279
19.424	8.302
19.402	8.326
19.381	8.349
19.358	8.372
19.335	8.395
19.312	8.418
19.288	8.441
19.265	8.464
19.241	8.488
19.217	8.511
19.193	8.535
19.169	8.560
19.145	8.584
19.122	8.609
19.098	8.635
19.076	8.661
19.054	8.687
19.032	8.714
19.011	8.742
18.991	8.770
18.971	8.800
18.953	8.829
18.935	8.860
18.918	8.892
18.902	8.924
18.887	8.957
18.872	8.990
18.858	9.024
18.844	9.058
18.831	9.093
18.819	9.128
18.807	9.164
18.795	9.199
18.783	9.236
18.772	9.272
18.761	9.308
18.750	9.345
18.739	9.381
18.728	9.418
18.717	9.455
18.706	9.491
18.695	9.528
18.684	9.564
18.672	9.600
18.660	9.636
18.648	9.671
18.636	9.707
18.623	9.741
18.609	9.776
18.595	9.809
18.581	9.843
18.565	9.875
18.550	9.908
18.533	9.939
18.516	9.970
18.499	10.001
18.480	10.031
18.462	10.061
18.442	10.090
18.423	10.119
18.402	10.147
18.382	10.175
18.361	10.203
18.339	10.230
18.317	10.257
18.294	10.284
18.271	10.310
18.248	10.337
18.224	10.362
18.200	10.388
18.176	10.414
18.151	10.439
18.126	10.464
18.101	10.489
18.076	10.514
18.050	10.538
18.024	10.563
17.997	10.587
17.971	10.612
17.944	10.636
17.917	10.660
17.890	10.684
17.863	10.709
17.835	10.733
17.807	10.757
17.779	10.781
17.751	10.805
17.723	10.829
17.694	10.852
17.665	10.876
17.636	10.899
17.607	10.923
17.578	10.946
17.548	10.969
17.518	10.992
17.488	11.015
17.458	11.038
17.427	11.061
17.397	11.083
17.366	11.106
17.335	11.128
17.303	11.150
17.272	11.172
17.240	11.194
17.208	11.215
17.176	11.237
17.143	11.258
17.111	11.279
17.078	11.300
17.045	11.320
17.012	11.341
16.978	11.361
16.944	11.381
16.911	11.401
16.877	11.421
16.842	11.440
16.808	11.460
16.773	11.479
16.738	11.498
16.703	11.517
16.668	11.535
16.633	11.554
16.597	11.572
16.562	11.590
16.526	11.608
16.490	11.625
16.454	11.643
16.418	11.660
16.381	11.677
16.345	11.694
16.308	11.711
16.271	11.727
16.235	11.744
16.198	11.760
16.161	11.776
16.123	11.792
16.086	11.807
16.049	11.823
16.011	11.838
15.974	11.853
15.936	11.868
15.898	11.883
15.860	11.898
15.822	11.912
15.784	11.926
15.746	11.940
15.708	11.954
15.670	11.967
15.632	11.980
15.594	11.993
15.556	12.005
15.517	12.017
15.479	12.029
15.441	12.040
15.402	12.051
15.364	12.062
15.326	12.072
15.288	12.082
15.249	12.091
15.211	12.100
15.173	12.109
15.135	12.117
15.096	12.124
15.058	12.131
15.020	12.137
14.982	12.143
14.944	12.149
14.906	12.153
14.868	12.157
14.830	12.161
14.793	12.164
14.755	12.166
14.718	12.168
14.680	12.169
14.643	12.169
14.605	12.169
14.568	12.168
14.531	12.166
14.493	12.164
14.456	12.162
14.419	12.159
14.381	12.155
14.344	12.151
14.306	12.146
14.269	12.141
14.231	12.136
14.193	12.130
14.155	12.123
14.117	12.117
14.079	12.109
14.041	12.102
14.002	12.094
13.963	12.085
13.925	12.076
13.885	12.067
13.846	12.058
13.806	12.048
13.766	12.038
13.726	12.028
13.686	12.017
13.645	12.006
13.604	11.995
13.563	11.984
13.521	11.972
13.479	11.960
13.436	11.948
13.394	11.936
13.351	11.923
13.308	11.911
13.265	11.897
13.222	11.884
13.179	11.870
13.136	11.856
13.094	11.841
13.051	11.826
13.008	11.810
12.966	11.794
12.924	11.778
12.882	11.761
12.840	11.744
12.799	11.726
12.758	11.707
12.718	11.688
12.678	11.669
12.639	11.649
12.600	11.628
12.562	11.606
12.524	11.584
12.488	11.562
12.452	11.538
12.417	11.514
12.382	11.489
12.349	11.464
12.316	11.438
12.285	11.411
12.254	11.383
12.224	11.354
12.196	11.325
12.169	11.295
12.142	11.264
12.117	11.232
12.093	11.199
12.070	11.166
12.047	11.132
12.026	11.097
12.006	11.061
11.986	11.025
11.968	10.988
11.950	10.950
11.933	10.912
11.917	10.873
11.902	10.833
11.887	10.793
11.873	10.752
11.860	10.711
11.848	10.669
11.836	10.626
11.825	10.583
11.814	10.539
11.804	10.495
11.795	10.450
11.786	10.405
11.778	10.359
11.770	10.313
11.763	10.267
11.756	10.220
11.749	10.172
11.743	10.124
11.737	10.076
11.732	10.027
11.726	9.978
11.722	9.929
11.717	9.879
11.713	9.829
11.708	9.779
11.704	9.729
11.701	9.678
11.697	9.627
11.694	9.576
11.690	9.525
11.687	9.473
11.684	9.422
11.681	9.371
11.679	9.319
11.676	9.268
11.673	9.217
11.671	9.166
11.668	9.115
11.665	9.064
11.663	9.013
11.660	8.963
11.657	8.913
11.655	8.863
11.652	8.813
11.649	8.764
11.646	8.715
11.643	8.667
11.640	8.619
11.636	8.571
11.633	8.524
11.629	8.478
11.625	8.432
11.621	8.386
11.616	8.342
11.612	8.298
11.607	8.254
11.601	8.212
11.596	8.170
11.590	8.129
11.584	8.089
11.578	8.049
11.571	8.011
11.564	7.973
11.556	7.936
11.549	7.900
11.541	7.864
11.533	7.830
11.525	7.796
11.517	7.762
11.508	7.730
11.500	7.697
11.492	7.666
11.484	7.635
11.475	7.604
11.467	7.574
11.460	7.544
11.452	7.515
11.445	7.486
11.438	7.457
11.431	7.428
11.424	7.400
11.418	7.372
11.413	7.344
11.408	7.317
11.403	7.289
11.399	7.262
11.395	7.234
11.392	7.207
11.390	7.180
11.388	7.153
11.386	7.126
11.385	7.099
11.384	7.072
11.384	7.046
11.384	7.020
11.384	6.994
11.385	6.968
11.386	6.943
11.387	6.918
11.388	6.893
11.389	6.869
11.390	6.845
11.392	6.822
11.393	6.799
11.395	6.776
11.396	6.754
11.397	6.733
11.398	6.712
11.399	6.692
11.400	6.672
11.401	6.653
11.401	6.634
11.402	6.615
11.402	6.596
11.402	6.577
11.402	6.558
11.402	6.539
11.401	6.520
11.400	6.501
11.399	6.481
11.398	6.462
11.397	6.441
11.395	6.421
11.394	6.400
11.392	6.378
11.391	6.356
11.390	6.335
11.390	6.313
11.390	6.291
11.392	6.269
11.395	6.247
11.398	6.226
11.404	6.205
11.411	6.185
11.420	6.165
11.431	6.146
11.444	6.127
11.460	6.110
11.478	6.093
