X	Y
26.434	16.267
26.558	16.155
26.719	16.042
26.913	15.929
27.138	15.817
27.391	15.705
27.670	15.595
27.970	15.488
28.290	15.382
28.627	15.280
28.977	15.181
29.339	15.086
29.708	14.995
30.082	14.909
30.459	14.828
30.835	14.753
31.207	14.685
31.574	14.623
31.932	14.568
32.281	14.520
32.623	14.479
32.957	14.446
33.285	14.419
33.606	14.399
33.920	14.386
34.229	14.380
34.533	14.380
34.832	14.387
35.126	14.401
35.417	14.422
35.704	14.449
35.988	14.483
36.269	14.523
36.547	14.569
36.824	14.622
37.097	14.682
37.363	14.747
37.620	14.818
37.863	14.895
38.091	14.977
38.300	15.065
38.486	15.157
38.648	15.255
38.781	15.357
38.883	15.464
38.951	15.575
38.984	15.690
38.991	15.809
38.981	15.933
38.962	16.063
38.945	16.198
38.938	16.338
38.950	16.485
38.987	16.637
39.048	16.792
39.131	16.947
39.232	17.099
39.351	17.245
39.484	17.384
39.630	17.511
39.787	17.625
39.952	17.722
40.124	17.800
40.299	17.863
40.475	17.913
40.650	17.955
40.821	17.992
40.985	18.028
41.141	18.066
41.284	18.111
41.414	18.165
41.526	18.232
41.623	18.311
41.703	18.401
41.769	18.499
41.819	18.604
41.855	18.714
41.877	18.827
41.886	18.943
41.881	19.059
41.864	19.176
41.835	19.291
41.794	19.404
41.741	19.514
41.680	19.622
41.618	19.730
41.559	19.840
41.510	19.954
41.476	20.074
41.464	20.204
41.477	20.343
41.508	20.487
41.549	20.633
41.592	20.774
41.628	20.907
41.647	21.025
41.642	21.124
41.606	21.200
41.540	21.255
41.449	21.295
41.337	21.323
41.209	21.344
41.069	21.361
40.923	21.379
40.776	21.400
40.634	21.425
40.503	21.456
40.388	21.497
40.297	21.550
40.233	21.616
40.195	21.696
40.178	21.789
40.174	21.895
40.178	22.013
40.183	22.142
40.187	22.281
40.191	22.430
40.198	22.586
40.210	22.749
40.231	22.918
40.263	23.090
40.309	23.265
40.371	23.442
40.452	23.618
40.551	23.794
40.666	23.969
40.793	24.143
40.929	24.315
41.072	24.486
41.218	24.655
41.365	24.822
41.509	24.986
41.647	25.148
41.777	25.307
41.894	25.462
41.999	25.615
42.091	25.765
42.171	25.914
42.240	26.062
42.299	26.211
42.348	26.361
42.389	26.513
42.423	26.669
42.450	26.828
42.469	26.989
42.479	27.147
42.478	27.299
42.464	27.438
42.435	27.560
42.389	27.662
42.325	27.738
42.242	27.786
42.140	27.809
42.023	27.811
41.893	27.794
41.750	27.761
41.596	27.716
41.434	27.661
41.265	27.598
41.091	27.528
40.913	27.451
40.733	27.367
40.553	27.279
40.374	27.187
40.197	27.092
40.026	26.995
39.860	26.896
39.702	26.797
39.551	26.699
39.405	26.607
39.264	26.521
39.126	26.446
38.990	26.384
38.854	26.337
38.716	26.309
38.577	26.301
38.436	26.317
38.296	26.354
38.160	26.412
38.032	26.491
37.914	26.590
37.810	26.709
37.722	26.846
37.654	27.001
37.605	27.172
37.573	27.353
37.558	27.542
37.558	27.733
37.571	27.925
37.595	28.112
37.630	28.290
37.674	28.456
37.725	28.606
37.781	28.739
37.840	28.859
37.899	28.968
37.956	29.072
38.007	29.173
38.049	29.276
38.082	29.384
38.102	29.497
38.111	29.612
38.108	29.727
38.094	29.840
38.068	29.947
38.030	30.046
37.981	30.137
37.919	30.217
37.845	30.287
37.759	30.343
37.661	30.386
37.551	30.415
37.432	30.428
37.307	30.427
37.178	30.410
37.047	30.377
36.918	30.328
36.793	30.263
36.673	30.192
36.562	30.125
36.460	30.073
36.370	30.047
36.295	30.058
36.234	30.113
36.186	30.208
36.147	30.335
36.113	30.485
36.081	30.649
36.047	30.819
36.008	30.987
35.960	31.144
35.902	31.287
35.838	31.419
35.771	31.544
35.705	31.665
35.643	31.785
35.588	31.908
35.544	32.036
35.513	32.173
35.490	32.315
35.470	32.456
35.445	32.593
35.410	32.720
35.358	32.832
35.284	32.925
35.181	32.993
35.052	33.037
34.901	33.055
34.733	33.048
34.553	33.016
34.364	32.960
34.172	32.878
33.981	32.772
33.795	32.641
33.618	32.486
33.451	32.308
33.294	32.113
33.146	31.901
33.007	31.678
32.876	31.446
32.753	31.209
32.638	30.969
32.530	30.731
32.428	30.496
32.333	30.270
32.244	30.054
32.161	29.852
32.082	29.667
32.007	29.502
31.931	29.357
31.852	29.235
31.766	29.136
31.670	29.062
31.562	29.015
31.437	28.996
31.296	29.003
31.140	29.029
30.973	29.067
30.798	29.109
30.619	29.147
30.438	29.174
30.259	29.181
30.084	29.162
29.918	29.109
29.761	29.019
29.612	28.893
29.470	28.737
29.333	28.553
29.201	28.346
29.071	28.118
28.943	27.874
28.814	27.616
28.685	27.349
28.552	27.077
28.416	26.802
28.273	26.529
28.124	26.261
27.967	26.002
27.802	25.752
27.632	25.511
27.460	25.278
27.286	25.052
27.114	24.833
26.945	24.620
26.782	24.412
26.627	24.209
26.482	24.010
26.350	23.814
26.232	23.621
26.131	23.430
26.048	23.239
25.987	23.050
25.945	22.860
25.920	22.672
25.910	22.484
25.913	22.298
25.926	22.113
25.947	21.930
25.975	21.748
26.005	21.569
26.037	21.392
26.068	21.217
26.098	21.045
26.125	20.873
26.150	20.701
26.171	20.529
26.189	20.356
26.202	20.181
26.211	20.002
26.214	19.821
26.211	19.635
26.203	19.446
26.191	19.256
26.177	19.067
26.162	18.882
26.148	18.702
26.136	18.530
26.127	18.367
26.124	18.216
26.127	18.079
26.136	17.957
26.150	17.845
26.168	17.742
26.187	17.643
26.206	17.547
26.223	17.448
26.236	17.348
26.247	17.245
26.254	17.140
26.258	17.033
26.257	16.926
26.254	16.818
26.255	16.709
26.266	16.600
26.294	16.490
26.348	16.379
26.434	16.267
