X	Y
9.802	5.033
9.820	5.026
9.841	5.022
9.864	5.019
9.889	5.019
9.917	5.021
9.946	5.024
9.977	5.029
10.009	5.036
10.043	5.044
10.077	5.053
10.112	5.063
10.149	5.074
10.185	5.086
10.222	5.099
10.258	5.112
10.295	5.126
10.331	5.139
10.367	5.153
10.402	5.167
10.436	5.181
10.469	5.194
10.500	5.206
10.530	5.219
10.558	5.230
10.584	5.240
10.609	5.250
10.631	5.258
10.652	5.266
10.672	5.274
10.691	5.281
10.709	5.287
10.727	5.293
10.743	5.299
10.760	5.304
10.776	5.309
10.792	5.314
10.808	5.320
10.825	5.325
10.842	5.330
10.860	5.336
10.879	5.342
10.898	5.347
10.918	5.354
10.939	5.360
10.961	5.366
10.984	5.372
11.007	5.378
11.031	5.384
11.055	5.390
11.081	5.395
11.107	5.401
11.134	5.406
11.162	5.411
11.191	5.416
11.221	5.420
11.251	5.424
11.282	5.427
11.314	5.430
11.347	5.432
11.380	5.434
11.415	5.436
11.450	5.437
11.485	5.437
11.522	5.438
11.558	5.437
11.596	5.437
11.634	5.436
11.672	5.435
11.711	5.433
11.750	5.431
11.790	5.429
11.829	5.427
11.870	5.424
11.910	5.422
11.950	5.419
11.991	5.416
12.032	5.413
12.072	5.409
12.113	5.406
12.154	5.402
12.195	5.399
12.236	5.395
12.276	5.391
12.316	5.388
12.357	5.384
12.397	5.381
12.436	5.377
12.475	5.374
12.515	5.370
12.553	5.367
12.592	5.364
12.630	5.360
12.668	5.357
12.706	5.354
12.744	5.351
12.781	5.348
12.819	5.344
12.856	5.341
12.893	5.338
12.930	5.335
12.967	5.331
13.004	5.328
13.040	5.324
13.077	5.321
13.114	5.317
13.150	5.314
13.187	5.310
13.223	5.306
13.260	5.302
13.296	5.298
13.333	5.294
13.370	5.290
13.407	5.286
13.444	5.281
13.481	5.277
13.518	5.272
13.555	5.267
13.592	5.262
13.630	5.257
13.667	5.252
13.704	5.247
13.742	5.242
13.780	5.237
13.817	5.233
13.855	5.228
13.892	5.224
13.930	5.219
13.968	5.215
14.005	5.212
14.043	5.208
14.081	5.205
14.118	5.202
14.156	5.200
14.193	5.198
14.231	5.196
14.268	5.195
14.305	5.194
14.343	5.194
14.380	5.194
14.417	5.195
14.454	5.196
14.490	5.198
14.527	5.201
14.564	5.204
14.600	5.208
14.636	5.212
14.673	5.217
14.709	5.223
14.744	5.229
14.780	5.236
14.816	5.243
14.851	5.251
14.887	5.259
14.922	5.267
14.957	5.276
14.991	5.285
15.026	5.295
15.061	5.305
15.095	5.316
15.129	5.326
15.163	5.337
15.197	5.349
15.230	5.361
15.264	5.372
15.297	5.385
15.330	5.397
15.363	5.410
15.396	5.422
15.428	5.435
15.460	5.448
15.493	5.462
15.524	5.475
15.556	5.489
15.588	5.502
15.619	5.516
15.650	5.530
15.681	5.544
15.712	5.559
15.743	5.573
15.773	5.587
15.804	5.602
15.834	5.617
15.864	5.632
15.894	5.646
15.924	5.661
15.953	5.677
15.983	5.692
16.012	5.707
16.042	5.722
16.071	5.738
16.100	5.753
16.129	5.769
16.158	5.784
16.186	5.800
16.215	5.816
16.243	5.832
16.271	5.848
16.299	5.864
16.326	5.880
16.353	5.897
16.379	5.914
16.404	5.931
16.429	5.948
16.453	5.966
16.476	5.984
16.498	6.003
16.518	6.022
16.538	6.042
16.556	6.062
16.573	6.082
16.589	6.103
16.603	6.125
16.616	6.148
16.627	6.171
16.636	6.195
16.644	6.219
16.649	6.244
16.654	6.270
16.656	6.296
16.657	6.323
16.657	6.351
16.656	6.378
16.653	6.406
16.649	6.435
16.643	6.463
16.637	6.492
16.630	6.521
16.621	6.550
16.612	6.579
16.602	6.608
16.591	6.636
16.580	6.665
16.568	6.694
16.555	6.722
16.542	6.750
16.529	6.778
16.515	6.805
16.501	6.832
16.486	6.859
16.471	6.885
16.455	6.911
16.439	6.937
16.423	6.963
16.406	6.989
16.389	7.015
16.371	7.041
16.353	7.067
16.335	7.093
16.316	7.119
16.296	7.145
16.276	7.172
16.256	7.198
16.235	7.225
16.213	7.253
16.191	7.280
16.168	7.308
16.145	7.337
16.122	7.366
16.098	7.395
16.073	7.426
16.048	7.456
16.022	7.487
15.995	7.519
15.968	7.551
15.941	7.584
15.913	7.617
15.885	7.650
15.857	7.683
15.828	7.717
15.799	7.751
15.769	7.784
15.739	7.818
15.709	7.852
15.679	7.886
15.648	7.920
15.617	7.953
15.586	7.987
15.555	8.020
15.524	8.053
15.493	8.085
15.461	8.118
15.430	8.149
15.398	8.180
15.367	8.211
15.336	8.241
15.304	8.270
15.273	8.299
15.242	8.327
15.211	8.354
15.180	8.380
15.149	8.406
15.118	8.430
15.088	8.454
15.058	8.476
15.028	8.497
14.998	8.518
14.969	8.538
14.940	8.557
14.910	8.575
14.881	8.592
14.853	8.608
14.824	8.624
14.795	8.639
14.767	8.653
14.739	8.666
14.711	8.679
14.683	8.692
14.655	8.704
14.627	8.715
14.599	8.725
14.572	8.736
14.544	8.745
14.517	8.755
14.489	8.764
14.462	8.772
14.434	8.780
14.407	8.788
14.380	8.796
14.352	8.803
14.325	8.810
14.298	8.817
14.270	8.823
14.243	8.830
14.215	8.836
14.188	8.842
14.160	8.848
14.132	8.854
14.105	8.859
14.077	8.865
14.048	8.871
14.020	8.876
13.992	8.882
13.963	8.887
13.934	8.893
13.906	8.899
13.876	8.905
13.847	8.910
13.817	8.917
13.787	8.923
13.757	8.929
13.727	8.935
13.696	8.942
13.665	8.948
13.634	8.954
13.602	8.961
13.570	8.967
13.537	8.973
13.504	8.979
13.470	8.985
13.436	8.991
13.402	8.996
13.367	9.002
13.332	9.007
13.295	9.012
13.259	9.017
13.222	9.021
13.184	9.026
13.146	9.029
13.106	9.033
13.067	9.036
13.026	9.039
12.985	9.041
12.943	9.043
12.901	9.044
12.857	9.045
12.814	9.045
12.769	9.045
12.724	9.045
12.678	9.044
12.632	9.043
12.585	9.042
12.538	9.040
12.491	9.038
12.443	9.036
12.395	9.033
12.347	9.030
12.299	9.027
12.250	9.024
12.202	9.020
12.153	9.017
12.105	9.013
12.056	9.009
12.008	9.005
11.959	9.001
11.911	8.996
11.863	8.992
11.815	8.988
11.768	8.983
11.721	8.979
11.674	8.975
11.628	8.970
11.583	8.966
11.537	8.962
11.493	8.958
11.449	8.954
11.405	8.950
11.363	8.946
11.321	8.943
11.280	8.939
11.239	8.936
11.200	8.933
11.161	8.930
11.123	8.927
11.085	8.924
11.049	8.921
11.013	8.918
10.977	8.915
10.943	8.912
10.909	8.909
10.875	8.906
10.843	8.902
10.811	8.899
10.779	8.895
10.748	8.891
10.718	8.887
10.689	8.882
10.660	8.878
10.631	8.872
10.603	8.867
10.576	8.861
10.549	8.855
10.523	8.848
10.497	8.841
10.472	8.833
10.447	8.825
10.423	8.816
10.400	8.806
10.377	8.796
10.354	8.785
10.332	8.773
10.311	8.760
10.290	8.746
10.270	8.731
10.251	8.715
10.232	8.698
10.214	8.680
10.197	8.660
10.180	8.639
10.164	8.617
10.149	8.593
10.134	8.568
10.120	8.541
10.107	8.513
10.095	8.483
10.083	8.452
10.072	8.420
10.061	8.386
10.051	8.351
10.042	8.315
10.034	8.278
10.026	8.240
10.018	8.202
10.011	8.162
10.005	8.122
9.999	8.081
9.994	8.039
9.989	7.997
9.985	7.954
9.981	7.911
9.978	7.868
9.975	7.825
9.973	7.781
9.971	7.737
9.969	7.693
9.968	7.649
9.967	7.605
9.966	7.562
9.966	7.518
9.966	7.475
9.967	7.433
9.967	7.390
9.968	7.349
9.969	7.307
9.971	7.267
9.972	7.226
9.974	7.187
9.975	7.147
9.976	7.109
9.978	7.071
9.979	7.033
9.979	6.996
9.980	6.960
9.980	6.924
9.979	6.889
9.979	6.854
9.977	6.820
9.975	6.787
9.973	6.754
9.970	6.722
9.966	6.690
9.961	6.659
9.955	6.629
9.949	6.600
9.941	6.571
9.933	6.543
9.923	6.515
9.912	6.489
9.900	6.463
9.887	6.437
9.874	6.412
9.859	6.388
9.844	6.363
9.829	6.340
9.814	6.316
9.798	6.292
9.782	6.269
9.767	6.246
9.752	6.222
9.737	6.199
9.723	6.175
9.710	6.150
9.698	6.126
9.686	6.101
9.676	6.075
9.667	6.049
9.660	6.022
9.654	5.995
9.650	5.966
9.648	5.937
9.647	5.907
9.647	5.877
9.649	5.847
9.652	5.816
9.656	5.785
9.661	5.754
9.666	5.723
9.672	5.693
9.678	5.663
9.685	5.633
9.692	5.604
9.699	5.576
9.705	5.549
9.712	5.523
9.718	5.498
9.724	5.474
9.729	5.452
9.733	5.431
9.736	5.412
9.738	5.394
9.740	5.379
9.740	5.364
9.740	5.351
9.740	5.339
9.739	5.328
9.738	5.318
9.737	5.308
9.736	5.299
9.736	5.290
9.735	5.281
9.735	5.272
9.735	5.262
9.735	5.252
9.735	5.241
9.736	5.228
9.736	5.215
9.736	5.200
9.736	5.184
9.737	5.167
9.739	5.150
9.741	5.132
9.744	5.115
9.749	5.098
9.755	5.082
9.764	5.067
9.774	5.054
9.787	5.042
9.802	5.033
