X	Y
833.000	300.000
833.840	298.949
834.812	297.915
835.911	296.898
837.132	295.897
838.469	294.910
839.919	293.938
841.477	292.978
843.136	292.030
844.894	291.093
846.744	290.166
848.682	289.249
850.702	288.340
852.801	287.439
854.973	286.544
857.213	285.655
859.517	284.770
861.880	283.890
864.296	283.012
866.761	282.137
869.269	281.263
871.817	280.389
874.399	279.514
877.011	278.638
879.647	277.759
882.302	276.877
884.973	275.991
887.653	275.100
890.337	274.202
893.023	273.298
895.703	272.386
898.373	271.465
901.029	270.534
903.666	269.593
906.278	268.640
908.862	267.675
911.413	266.698
913.935	265.708
916.429	264.708
918.896	263.697
921.340	262.677
923.760	261.648
926.160	260.612
928.541	259.568
930.906	258.519
933.255	257.464
935.590	256.405
937.915	255.343
940.230	254.278
942.537	253.210
944.838	252.142
947.135	251.074
949.431	250.006
951.725	248.939
954.022	247.875
956.322	246.814
958.627	245.756
960.939	244.704
963.260	243.657
965.593	242.616
967.937	241.583
970.297	240.558
972.672	239.541
975.066	238.534
977.480	237.538
979.916	236.553
982.376	235.581
984.862	234.621
987.375	233.676
989.917	232.745
992.490	231.829
995.097	230.930
997.738	230.048
1000.417	229.184
1003.133	228.339
1005.888	227.512
1008.680	226.704
1011.508	225.912
1014.371	225.138
1017.268	224.380
1020.197	223.637
1023.158	222.909
1026.149	222.196
1029.170	221.497
1032.220	220.811
1035.296	220.137
1038.399	219.476
1041.527	218.826
1044.679	218.187
1047.853	217.559
1051.050	216.940
1054.267	216.330
1057.504	215.729
1060.759	215.136
1064.032	214.550
1067.321	213.971
1070.626	213.398
1073.944	212.831
1077.276	212.269
1080.620	211.711
1083.974	211.157
1087.339	210.607
1090.712	210.059
1094.092	209.513
1097.480	208.968
1100.872	208.425
1104.269	207.882
1107.670	207.338
1111.072	206.794
1114.476	206.248
1117.879	205.700
1121.282	205.150
1124.682	204.596
1128.079	204.038
1131.471	203.476
1134.859	202.909
1138.239	202.337
1141.612	201.758
1144.976	201.173
1148.330	200.580
1151.674	199.979
1155.005	199.370
1158.324	198.752
1161.628	198.124
1164.920	197.488
1168.200	196.844
1171.467	196.192
1174.724	195.534
1177.969	194.869
1181.205	194.198
1184.431	193.522
1187.647	192.841
1190.856	192.157
1194.056	191.469
1197.249	190.778
1200.435	190.085
1203.615	189.390
1206.790	188.694
1209.959	187.997
1213.124	187.301
1216.284	186.605
1219.442	185.910
1222.596	185.217
1225.748	184.526
1228.899	183.838
1232.048	183.154
1235.196	182.474
1238.345	181.798
1241.494	181.128
1244.644	180.463
1247.796	179.805
1250.950	179.154
1254.107	178.510
1257.267	177.875
1260.431	177.248
1263.599	176.630
1266.772	176.023
1269.951	175.425
1273.136	174.839
1276.328	174.264
1279.527	173.702
1282.734	173.152
1285.949	172.616
1289.174	172.093
1292.407	171.585
1295.651	171.092
1298.905	170.615
1302.171	170.154
1305.448	169.709
1308.738	169.282
1312.040	168.873
1315.356	168.483
1318.682	168.111
1322.019	167.758
1325.365	167.426
1328.718	167.113
1332.077	166.820
1335.442	166.548
1338.809	166.297
1342.179	166.068
1345.550	165.860
1348.920	165.674
1352.288	165.512
1355.653	165.372
1359.013	165.255
1362.368	165.162
1365.715	165.093
1369.054	165.048
1372.383	165.029
1375.701	165.034
1379.006	165.065
1382.297	165.122
1385.573	165.205
1388.833	165.315
1392.074	165.452
1395.297	165.616
1398.498	165.808
1401.678	166.028
1404.835	166.277
1407.967	166.554
1411.073	166.861
1414.152	167.197
1417.202	167.564
1420.222	167.961
1423.211	168.388
1426.167	168.847
1429.090	169.337
1431.977	169.859
1434.828	170.413
1437.640	171.000
1440.413	171.620
1443.146	172.273
1445.837	172.960
1448.484	173.681
1451.087	174.436
1453.644	175.226
1456.153	176.052
1458.614	176.913
1461.028	177.808
1463.394	178.738
1465.714	179.702
1467.989	180.698
1470.218	181.726
1472.403	182.785
1474.545	183.876
1476.645	184.996
1478.702	186.146
1480.718	187.325
1482.693	188.531
1484.629	189.765
1486.525	191.025
1488.384	192.312
1490.204	193.624
1491.988	194.960
1493.735	196.320
1495.447	197.704
1497.125	199.110
1498.768	200.538
1500.378	201.987
1501.956	203.456
1503.501	204.946
1505.016	206.454
1506.500	207.981
1507.955	209.526
1509.381	211.088
1510.778	212.666
1512.148	214.260
1513.492	215.869
1514.809	217.493
1516.101	219.130
1517.368	220.780
1518.609	222.444
1519.822	224.120
1521.004	225.808
1522.156	227.510
1523.274	229.224
1524.357	230.950
1525.403	232.688
1526.412	234.439
1527.380	236.202
1528.307	237.976
1529.190	239.763
1530.029	241.561
1530.821	243.371
1531.564	245.192
1532.257	247.025
1532.899	248.869
1533.487	250.725
1534.020	252.591
1534.496	254.468
1534.913	256.357
1535.271	258.255
1535.566	260.165
1535.798	262.085
1535.964	264.016
1536.064	265.956
1536.095	267.907
1536.055	269.868
1535.944	271.839
1535.760	273.820
1535.507	275.810
1535.185	277.809
1534.797	279.816
1534.345	281.830
1533.830	283.852
1533.256	285.880
1532.624	287.914
1531.935	289.954
1531.192	292.000
1530.397	294.050
1529.552	296.104
1528.660	298.161
1527.720	300.222
1526.737	302.285
1525.712	304.351
1524.647	306.418
1523.543	308.486
1522.404	310.555
1521.231	312.624
1520.025	314.692
1518.790	316.759
1517.526	318.825
1516.237	320.889
1514.923	322.951
1513.587	325.010
1512.232	327.065
1510.858	329.116
1509.469	331.163
1508.065	333.204
1506.650	335.241
1505.224	337.271
1503.791	339.295
1502.350	341.311
1500.902	343.319
1499.446	345.318
1497.979	347.305
1496.500	349.280
1495.009	351.241
1493.504	353.188
1491.984	355.118
1490.448	357.031
1488.893	358.924
1487.320	360.798
1485.727	362.650
1484.113	364.480
1482.476	366.285
1480.815	368.066
1479.129	369.819
1477.416	371.545
1475.676	373.241
1473.907	374.907
1472.109	376.541
1470.279	378.142
1468.416	379.708
1466.519	381.239
1464.588	382.732
1462.620	384.188
1460.614	385.603
1458.570	386.978
1456.486	388.310
1454.360	389.599
1452.192	390.843
1449.980	392.041
1447.724	393.192
1445.421	394.294
1443.070	395.345
1440.671	396.346
1438.222	397.293
1435.722	398.188
1433.173	399.031
1430.576	399.823
1427.932	400.566
1425.242	401.261
1422.507	401.909
1419.728	402.512
1416.907	403.071
1414.045	403.587
1411.142	404.061
1408.200	404.495
1405.220	404.890
1402.203	405.247
1399.151	405.567
1396.064	405.853
1392.943	406.104
1389.791	406.323
1386.606	406.511
1383.392	406.668
1380.149	406.797
1376.879	406.898
1373.581	406.973
1370.258	407.024
1366.911	407.050
1363.541	407.054
1360.148	407.037
1356.734	407.000
1353.301	406.945
1349.849	406.872
1346.379	406.784
1342.893	406.681
1339.391	406.564
1335.876	406.435
1332.347	406.296
1328.806	406.147
1325.255	405.989
1321.694	405.825
1318.125	405.655
1314.548	405.481
1310.965	405.303
1307.377	405.124
1303.785	404.944
1300.190	404.764
1296.593	404.587
1292.996	404.413
1289.400	404.243
1285.805	404.080
1282.213	403.923
1278.624	403.774
1275.039	403.632
1271.457	403.497
1267.878	403.369
1264.302	403.248
1260.730	403.132
1257.160	403.022
1253.593	402.917
1250.029	402.818
1246.468	402.723
1242.910	402.633
1239.354	402.547
1235.801	402.465
1232.250	402.386
1228.702	402.311
1225.157	402.238
1221.613	402.168
1218.072	402.101
1214.533	402.035
1210.996	401.971
1207.462	401.909
1203.929	401.847
1200.398	401.786
1196.869	401.725
1193.342	401.665
1189.817	401.604
1186.293	401.543
1182.771	401.481
1179.250	401.418
1175.731	401.353
1172.213	401.287
1168.697	401.219
1165.181	401.148
1161.667	401.074
1158.155	400.997
1154.643	400.917
1151.132	400.834
1147.622	400.746
1144.113	400.654
1140.605	400.557
1137.098	400.456
1133.591	400.349
1130.085	400.237
1126.579	400.119
1123.074	399.995
1119.569	399.864
1116.065	399.726
1112.561	399.582
1109.057	399.430
1105.553	399.270
1102.049	399.102
1098.546	398.926
1095.042	398.741
1091.539	398.548
1088.038	398.347
1084.538	398.138
1081.041	397.921
1077.547	397.696
1074.056	397.463
1070.569	397.223
1067.087	396.976
1063.610	396.721
1060.139	396.460
1056.674	396.191
1053.216	395.916
1049.765	395.634
1046.322	395.345
1042.888	395.050
1039.462	394.749
1036.047	394.442
1032.641	394.129
1029.246	393.810
1025.862	393.486
1022.490	393.156
1019.130	392.821
1015.783	392.480
1012.450	392.135
1009.130	391.784
1005.825	391.429
1002.536	391.069
999.261	390.704
996.003	390.335
992.762	389.962
989.538	389.585
986.332	389.204
983.144	388.819
979.975	388.431
976.826	388.039
973.696	387.643
970.588	387.245
967.500	386.843
964.434	386.438
961.391	386.031
958.370	385.621
955.372	385.208
952.399	384.793
949.449	384.376
946.525	383.956
943.627	383.535
940.754	383.112
937.908	382.687
935.090	382.260
932.298	381.831
929.535	381.399
926.800	380.964
924.095	380.524
921.418	380.081
918.771	379.633
916.154	379.179
913.568	378.720
911.013	378.255
908.489	377.783
905.997	377.304
903.538	376.818
901.111	376.323
898.718	375.821
896.358	375.309
894.032	374.788
891.741	374.257
889.484	373.716
887.263	373.165
885.078	372.602
882.929	372.027
880.816	371.440
878.741	370.841
876.703	370.229
874.703	369.603
872.742	368.964
870.819	368.309
868.936	367.640
867.092	366.956
865.289	366.256
863.526	365.540
861.804	364.807
860.123	364.056
858.484	363.289
856.888	362.504
855.335	361.702
853.826	360.883
852.361	360.049
850.941	359.198
849.567	358.333
848.239	357.452
846.958	356.557
845.725	355.648
844.540	354.726
843.405	353.789
842.318	352.841
841.282	351.879
840.297	350.905
839.363	349.920
838.482	348.924
837.653	347.916
836.878	346.898
836.157	345.870
835.491	344.832
834.880	343.785
834.324	342.730
833.821	341.668
833.369	340.602
832.965	339.535
832.606	338.469
832.291	337.405
832.017	336.347
831.781	335.297
831.582	334.256
831.416	333.228
831.282	332.215
831.176	331.218
831.097	330.240
831.041	329.284
831.008	328.352
830.993	327.446
830.995	326.564
831.008	325.701
831.031	324.853
831.058	324.015
831.086	323.183
831.112	322.351
831.132	321.515
831.142	320.670
831.139	319.812
831.118	318.936
831.076	318.037
831.010	317.111
830.916	316.153
830.804	315.166
830.682	314.151
830.561	313.113
830.452	312.055
830.366	310.980
830.311	309.891
830.300	308.792
830.341	307.685
830.447	306.574
830.626	305.462
830.890	304.352
831.249	303.248
831.714	302.152
832.294	301.069
833.000	300.000
