X	Y
8.761	4.761
8.772	4.745
8.785	4.728
8.799	4.710
8.814	4.692
8.831	4.672
8.850	4.652
8.870	4.632
8.891	4.611
8.914	4.589
8.938	4.567
8.963	4.545
8.989	4.521
9.016	4.498
9.044	4.474
9.074	4.450
9.104	4.425
9.135	4.400
9.167	4.375
9.199	4.349
9.233	4.324
9.266	4.298
9.301	4.272
9.336	4.246
9.372	4.219
9.408	4.193
9.444	4.167
9.481	4.140
9.518	4.114
9.555	4.088
9.592	4.061
9.630	4.035
9.667	4.009
9.705	3.984
9.742	3.958
9.780	3.933
9.817	3.907
9.854	3.883
9.891	3.858
9.927	3.834
9.963	3.810
9.999	3.787
10.034	3.764
10.068	3.742
10.103	3.720
10.136	3.698
10.169	3.678
10.201	3.657
10.233	3.637
10.264	3.618
10.295	3.598
10.325	3.579
10.355	3.561
10.385	3.543
10.414	3.525
10.443	3.507
10.472	3.489
10.500	3.472
10.529	3.455
10.556	3.438
10.584	3.421
10.612	3.404
10.639	3.387
10.667	3.371
10.694	3.354
10.722	3.337
10.749	3.320
10.776	3.303
10.804	3.286
10.831	3.269
10.859	3.251
10.887	3.234
10.915	3.216
10.943	3.198
10.972	3.179
11.000	3.161
11.029	3.142
11.059	3.122
11.088	3.103
11.118	3.082
11.149	3.062
11.180	3.041
11.211	3.019
11.243	2.997
11.275	2.974
11.308	2.951
11.341	2.928
11.375	2.903
11.410	2.879
11.444	2.854
11.479	2.828
11.515	2.802
11.551	2.776
11.587	2.749
11.624	2.722
11.661	2.695
11.698	2.667
11.736	2.639
11.773	2.611
11.811	2.583
11.850	2.554
11.888	2.526
11.927	2.497
11.966	2.468
12.005	2.439
12.045	2.409
12.084	2.380
12.124	2.351
12.163	2.321
12.203	2.292
12.243	2.262
12.283	2.233
12.323	2.203
12.363	2.174
12.402	2.145
12.442	2.116
12.482	2.087
12.522	2.058
12.562	2.029
12.602	2.001
12.641	1.973
12.681	1.945
12.720	1.917
12.759	1.889
12.798	1.862
12.837	1.835
12.876	1.809
12.914	1.783
12.952	1.757
12.990	1.732
13.028	1.707
13.065	1.682
13.102	1.658
13.139	1.635
13.175	1.612
13.211	1.590
13.247	1.568
13.282	1.546
13.317	1.526
13.351	1.505
13.385	1.486
13.419	1.467
13.452	1.448
13.485	1.430
13.518	1.412
13.550	1.395
13.582	1.379
13.614	1.362
13.645	1.347
13.676	1.331
13.707	1.317
13.737	1.302
13.767	1.288
13.797	1.275
13.827	1.261
13.856	1.249
13.885	1.236
13.913	1.224
13.942	1.212
13.970	1.201
13.997	1.190
14.025	1.180
14.052	1.169
14.079	1.159
14.106	1.150
14.132	1.140
14.158	1.131
14.184	1.122
14.210	1.114
14.235	1.105
14.261	1.097
14.286	1.089
14.311	1.082
14.335	1.074
14.360	1.067
14.384	1.061
14.408	1.054
14.431	1.048
14.455	1.043
14.477	1.038
14.500	1.033
14.522	1.030
14.544	1.027
14.565	1.024
14.585	1.023
14.606	1.023
14.625	1.023
14.644	1.025
14.663	1.027
14.681	1.031
14.698	1.036
14.714	1.042
14.730	1.049
14.745	1.058
14.759	1.068
14.773	1.080
14.786	1.093
14.798	1.107
14.809	1.123
14.819	1.141
14.829	1.159
14.838	1.179
14.847	1.200
14.855	1.222
14.862	1.245
14.869	1.269
14.876	1.293
14.882	1.319
14.888	1.345
14.893	1.372
14.898	1.399
14.903	1.427
14.907	1.455
14.912	1.484
14.916	1.513
14.920	1.542
14.923	1.571
14.927	1.601
14.931	1.630
14.935	1.660
14.938	1.689
14.942	1.718
14.946	1.747
14.950	1.776
14.954	1.804
14.958	1.831
14.963	1.859
14.968	1.886
14.973	1.912
14.978	1.939
14.983	1.964
14.988	1.990
14.994	2.016
15.000	2.041
15.006	2.066
15.012	2.091
15.018	2.115
15.024	2.140
15.030	2.165
15.036	2.189
15.043	2.214
15.049	2.239
15.056	2.263
15.062	2.288
15.069	2.313
15.076	2.338
15.082	2.364
15.089	2.389
15.096	2.415
15.103	2.441
15.109	2.468
15.116	2.494
15.123	2.522
15.129	2.549
15.136	2.577
15.142	2.606
15.149	2.635
15.155	2.664
15.162	2.694
15.168	2.724
15.174	2.755
15.180	2.786
15.186	2.818
15.192	2.849
15.198	2.881
15.203	2.914
15.209	2.946
15.214	2.979
15.219	3.012
15.225	3.046
15.229	3.079
15.234	3.113
15.239	3.146
15.243	3.180
15.247	3.214
15.251	3.249
15.255	3.283
15.259	3.317
15.262	3.351
15.266	3.386
15.268	3.420
15.271	3.454
15.274	3.488
15.276	3.523
15.278	3.557
15.280	3.591
15.281	3.624
15.282	3.658
15.283	3.692
15.284	3.725
15.284	3.758
15.284	3.791
15.284	3.824
15.283	3.856
15.282	3.888
15.281	3.920
15.280	3.952
15.278	3.983
15.276	4.014
15.273	4.045
15.271	4.076
15.268	4.106
15.265	4.136
15.261	4.166
15.257	4.195
15.253	4.224
15.249	4.253
15.245	4.282
15.240	4.310
15.235	4.338
15.230	4.366
15.224	4.393
15.219	4.420
15.213	4.447
15.207	4.473
15.200	4.500
15.194	4.526
15.187	4.551
15.180	4.576
15.173	4.601
15.166	4.626
15.158	4.650
15.150	4.674
15.143	4.698
15.134	4.721
15.126	4.744
15.118	4.767
15.109	4.789
15.101	4.812
15.092	4.833
15.083	4.855
15.074	4.876
15.065	4.896
15.055	4.917
15.046	4.937
15.037	4.956
15.027	4.976
15.017	4.995
15.008	5.014
14.998	5.032
14.988	5.050
14.978	5.068
14.968	5.085
14.959	5.102
14.949	5.119
14.939	5.135
14.929	5.151
14.919	5.167
14.909	5.182
14.899	5.197
14.889	5.212
14.879	5.226
14.869	5.240
14.859	5.253
14.848	5.266
14.837	5.278
14.826	5.290
14.815	5.301
14.803	5.312
14.791	5.322
14.778	5.331
14.765	5.340
14.751	5.348
14.736	5.356
14.721	5.362
14.705	5.368
14.688	5.373
14.670	5.378
14.652	5.381
14.633	5.384
14.612	5.386
14.592	5.387
14.570	5.388
14.548	5.388
14.525	5.387
14.501	5.386
14.476	5.384
14.451	5.382
14.426	5.379
14.400	5.376
14.373	5.372
14.346	5.369
14.318	5.364
14.290	5.360
14.261	5.355
14.232	5.350
14.202	5.345
14.172	5.339
14.142	5.334
14.111	5.328
14.080	5.323
14.048	5.317
14.017	5.311
13.985	5.306
13.953	5.300
13.920	5.295
13.888	5.290
13.855	5.285
13.822	5.280
13.789	5.275
13.756	5.270
13.723	5.266
13.689	5.262
13.656	5.258
13.622	5.255
13.588	5.251
13.554	5.248
13.520	5.245
13.486	5.242
13.452	5.239
13.417	5.236
13.383	5.234
13.348	5.232
13.313	5.230
13.278	5.228
13.243	5.226
13.207	5.224
13.172	5.223
13.136	5.221
13.101	5.220
13.065	5.219
13.029	5.218
12.992	5.217
12.956	5.216
12.920	5.216
12.883	5.215
12.847	5.215
12.810	5.214
12.773	5.214
12.736	5.214
12.698	5.214
12.661	5.214
12.624	5.214
12.586	5.214
12.548	5.214
12.510	5.215
12.472	5.215
12.434	5.216
12.396	5.216
12.358	5.217
12.319	5.217
12.280	5.218
12.242	5.219
12.203	5.220
12.164	5.220
12.125	5.221
12.085	5.222
12.046	5.223
12.007	5.224
11.967	5.225
11.928	5.226
11.888	5.226
11.849	5.227
11.809	5.228
11.769	5.229
11.729	5.230
11.689	5.231
11.650	5.231
11.610	5.232
11.570	5.233
11.530	5.233
11.490	5.234
11.450	5.235
11.410	5.235
11.370	5.236
11.330	5.236
11.289	5.236
11.249	5.236
11.209	5.237
11.169	5.237
11.129	5.237
11.090	5.236
11.050	5.236
11.010	5.236
10.970	5.235
10.930	5.235
10.890	5.234
10.851	5.233
10.811	5.233
10.772	5.231
10.732	5.230
10.693	5.229
10.654	5.228
10.614	5.226
10.575	5.224
10.536	5.222
10.497	5.220
10.459	5.218
10.420	5.216
10.382	5.214
10.344	5.211
10.306	5.209
10.268	5.206
10.230	5.204
10.193	5.202
10.156	5.199
10.120	5.197
10.083	5.194
10.047	5.192
10.011	5.189
9.976	5.187
9.941	5.185
9.906	5.182
9.872	5.180
9.838	5.178
9.805	5.176
9.772	5.175
9.739	5.173
9.707	5.171
9.675	5.170
9.644	5.169
9.614	5.168
9.584	5.167
9.554	5.167
9.525	5.166
9.497	5.166
9.469	5.166
9.441	5.167
9.415	5.168
9.389	5.169
9.364	5.170
9.339	5.171
9.315	5.173
9.291	5.175
9.269	5.178
9.246	5.180
9.225	5.183
9.204	5.186
9.183	5.189
9.163	5.191
9.143	5.194
9.124	5.197
9.105	5.200
9.086	5.203
9.068	5.205
9.050	5.208
9.032	5.210
9.015	5.212
8.998	5.213
8.981	5.215
8.964	5.215
8.947	5.216
8.931	5.216
8.914	5.216
8.898	5.215
8.882	5.213
8.866	5.211
8.850	5.209
8.835	5.206
8.821	5.202
8.807	5.198
8.793	5.192
8.781	5.187
8.769	5.180
8.759	5.173
8.749	5.165
8.741	5.156
8.733	5.147
8.727	5.136
8.723	5.125
8.719	5.113
8.717	5.101
8.715	5.088
8.715	5.074
8.715	5.061
8.716	5.048
8.717	5.034
8.719	5.021
8.721	5.009
8.723	4.996
8.724	4.985
8.726	4.974
8.727	4.965
8.728	4.956
8.729	4.948
8.729	4.941
8.729	4.935
8.729	4.928
8.729	4.922
8.728	4.915
8.727	4.908
8.726	4.901
8.726	4.893
8.725	4.884
8.725	4.875
8.725	4.865
8.726	4.855
8.728	4.843
8.730	4.832
8.734	4.819
8.739	4.806
8.745	4.792
8.752	4.777
8.761	4.761
