X	Y
26.877	11.719
26.907	11.676
26.942	11.633
26.982	11.590
27.026	11.548
27.074	11.505
27.127	11.463
27.183	11.421
27.244	11.379
27.308	11.337
27.375	11.294
27.446	11.252
27.520	11.210
27.597	11.167
27.677	11.124
27.759	11.081
27.843	11.038
27.930	10.995
28.019	10.951
28.110	10.906
28.202	10.862
28.296	10.817
28.392	10.771
28.488	10.725
28.586	10.679
28.684	10.631
28.783	10.584
28.882	10.535
28.982	10.486
29.081	10.436
29.181	10.385
29.281	10.334
29.380	10.282
29.478	10.229
29.577	10.175
29.675	10.120
29.772	10.065
29.870	10.009
29.967	9.952
30.064	9.895
30.160	9.837
30.256	9.779
30.352	9.719
30.448	9.660
30.544	9.599
30.639	9.538
30.734	9.477
30.829	9.415
30.923	9.353
31.018	9.290
31.112	9.227
31.206	9.163
31.300	9.100
31.394	9.035
31.488	8.971
31.581	8.906
31.675	8.840
31.768	8.775
31.861	8.709
31.955	8.643
32.048	8.577
32.141	8.511
32.234	8.444
32.327	8.378
32.420	8.311
32.513	8.244
32.606	8.177
32.699	8.110
32.792	8.043
32.885	7.976
32.978	7.909
33.071	7.842
33.164	7.775
33.257	7.708
33.351	7.642
33.444	7.575
33.538	7.508
33.631	7.442
33.725	7.375
33.819	7.309
33.913	7.243
34.007	7.176
34.102	7.110
34.196	7.045
34.291	6.979
34.386	6.913
34.482	6.848
34.577	6.783
34.673	6.718
34.769	6.653
34.865	6.588
34.962	6.524
35.058	6.460
35.156	6.396
35.253	6.332
35.351	6.269
35.449	6.206
35.547	6.143
35.646	6.080
35.745	6.018
35.845	5.956
35.945	5.894
36.045	5.833
36.146	5.772
36.247	5.711
36.349	5.651
36.451	5.590
36.553	5.531
36.656	5.471
36.760	5.412
36.864	5.354
36.968	5.296
37.073	5.238
37.178	5.181
37.284	5.124
37.390	5.067
37.497	5.011
37.604	4.955
37.711	4.900
37.818	4.846
37.926	4.791
38.034	4.738
38.143	4.684
38.251	4.631
38.360	4.579
38.469	4.527
38.578	4.476
38.687	4.425
38.796	4.375
38.906	4.325
39.015	4.276
39.125	4.228
39.234	4.180
39.343	4.132
39.453	4.085
39.562	4.039
39.671	3.993
39.781	3.948
39.890	3.904
39.998	3.860
40.107	3.817
40.215	3.774
40.324	3.732
40.432	3.691
40.539	3.650
40.647	3.610
40.754	3.571
40.861	3.533
40.967	3.495
41.073	3.458
41.179	3.421
41.284	3.385
41.389	3.350
41.493	3.316
41.597	3.283
41.700	3.250
41.802	3.218
41.904	3.187
42.004	3.158
42.104	3.129
42.203	3.101
42.302	3.074
42.399	3.048
42.495	3.024
42.590	3.000
42.684	2.978
42.776	2.957
42.868	2.937
42.958	2.919
43.047	2.902
43.134	2.886
43.220	2.872
43.304	2.859
43.387	2.847
43.468	2.837
43.547	2.829
43.625	2.822
43.701	2.817
43.775	2.813
43.848	2.811
43.918	2.811
43.986	2.813
44.053	2.816
44.117	2.821
44.180	2.828
44.240	2.836
44.299	2.846
44.357	2.858
44.413	2.871
44.469	2.885
44.523	2.900
44.576	2.916
44.629	2.934
44.682	2.952
44.734	2.971
44.786	2.991
44.838	3.011
44.890	3.032
44.942	3.053
44.995	3.075
45.048	3.097
45.102	3.120
45.158	3.142
45.214	3.165
45.271	3.187
45.328	3.210
45.386	3.234
45.444	3.258
45.503	3.282
45.561	3.307
45.618	3.333
45.676	3.360
45.732	3.388
45.788	3.417
45.842	3.448
45.895	3.479
45.947	3.512
45.997	3.547
46.045	3.584
46.091	3.622
46.135	3.662
46.176	3.704
46.215	3.748
46.251	3.794
46.284	3.843
46.314	3.893
46.342	3.946
46.368	4.001
46.391	4.058
46.412	4.116
46.431	4.177
46.448	4.239
46.464	4.303
46.478	4.369
46.491	4.436
46.503	4.505
46.514	4.575
46.523	4.647
46.533	4.720
46.541	4.794
46.549	4.870
46.557	4.947
46.565	5.025
46.573	5.103
46.581	5.183
46.589	5.264
46.598	5.346
46.608	5.428
46.618	5.511
46.629	5.595
46.640	5.679
46.652	5.764
46.664	5.850
46.676	5.937
46.688	6.024
46.700	6.111
46.711	6.199
46.723	6.287
46.734	6.376
46.745	6.465
46.755	6.555
46.764	6.645
46.773	6.735
46.781	6.826
46.787	6.917
46.793	7.008
46.798	7.099
46.801	7.191
46.803	7.282
46.803	7.374
46.802	7.466
46.799	7.558
46.794	7.649
46.787	7.741
46.778	7.833
46.768	7.925
46.754	8.016
46.739	8.108
46.721	8.199
46.701	8.290
46.679	8.381
46.655	8.471
46.629	8.561
46.601	8.651
46.571	8.740
46.540	8.828
46.508	8.916
46.474	9.003
46.439	9.089
46.403	9.175
46.366	9.259
46.328	9.343
46.290	9.425
46.252	9.507
46.212	9.587
46.173	9.666
46.134	9.744
46.094	9.820
46.055	9.895
46.016	9.969
45.977	10.041
45.939	10.111
45.901	10.180
45.865	10.247
45.829	10.312
45.794	10.375
45.761	10.437
45.728	10.496
45.697	10.554
45.667	10.609
45.638	10.663
45.609	10.715
45.581	10.764
45.552	10.812
45.523	10.858
45.493	10.902
45.462	10.944
45.430	10.985
45.396	11.023
45.360	11.060
45.322	11.095
45.282	11.128
45.238	11.160
45.192	11.190
45.142	11.218
45.089	11.245
45.031	11.270
44.969	11.293
44.904	11.315
44.834	11.335
44.761	11.354
44.684	11.372
44.603	11.389
44.519	11.404
44.432	11.418
44.342	11.431
44.249	11.442
44.153	11.453
44.054	11.463
43.953	11.472
43.849	11.481
43.743	11.488
43.635	11.495
43.524	11.501
43.412	11.507
43.299	11.512
43.183	11.517
43.066	11.521
42.948	11.525
42.828	11.529
42.708	11.532
42.586	11.536
42.464	11.539
42.341	11.542
42.217	11.546
42.093	11.549
41.968	11.553
41.844	11.557
41.719	11.561
41.595	11.565
41.471	11.570
41.347	11.576
41.224	11.581
41.101	11.588
40.979	11.595
40.858	11.602
40.737	11.611
40.617	11.619
40.498	11.629
40.379	11.639
40.261	11.649
40.143	11.660
40.027	11.672
39.910	11.684
39.795	11.696
39.680	11.710
39.565	11.723
39.452	11.737
39.338	11.752
39.226	11.768
39.114	11.783
39.002	11.800
38.892	11.817
38.781	11.834
38.672	11.852
38.563	11.870
38.454	11.889
38.346	11.908
38.239	11.928
38.132	11.949
38.026	11.969
37.920	11.991
37.815	12.012
37.711	12.035
37.607	12.057
37.503	12.080
37.400	12.104
37.298	12.128
37.196	12.152
37.095	12.177
36.994	12.203
36.894	12.228
36.794	12.255
36.694	12.281
36.596	12.308
36.497	12.335
36.399	12.363
36.302	12.391
36.205	12.418
36.108	12.446
36.011	12.475
35.915	12.503
35.819	12.531
35.724	12.559
35.628	12.587
35.533	12.615
35.439	12.643
35.344	12.671
35.249	12.698
35.155	12.726
35.061	12.753
34.967	12.779
34.873	12.805
34.779	12.831
34.685	12.857
34.592	12.881
34.498	12.906
34.404	12.929
34.310	12.953
34.216	12.975
34.122	12.997
34.028	13.018
33.934	13.038
33.840	13.058
33.746	13.076
33.651	13.094
33.556	13.111
33.462	13.127
33.366	13.142
33.271	13.156
33.176	13.169
33.080	13.182
32.984	13.193
32.888	13.204
32.791	13.214
32.695	13.224
32.598	13.232
32.501	13.240
32.404	13.247
32.306	13.254
32.209	13.260
32.111	13.265
32.013	13.270
31.914	13.274
31.816	13.277
31.717	13.280
31.618	13.282
31.518	13.284
31.418	13.285
31.319	13.286
31.218	13.286
31.118	13.286
31.017	13.285
30.916	13.284
30.815	13.283
30.713	13.281
30.611	13.279
30.509	13.276
30.407	13.273
30.304	13.270
30.201	13.266
30.098	13.262
29.995	13.258
29.891	13.254
29.788	13.249
29.685	13.244
29.583	13.239
29.481	13.234
29.379	13.229
29.278	13.223
29.177	13.217
29.077	13.211
28.978	13.205
28.880	13.199
28.783	13.193
28.688	13.186
28.593	13.180
28.500	13.173
28.408	13.167
28.317	13.160
28.228	13.154
28.141	13.147
28.056	13.141
27.972	13.134
27.890	13.128
27.811	13.121
27.733	13.115
27.658	13.109
27.585	13.102
27.514	13.096
27.446	13.090
27.381	13.085
27.318	13.079
27.258	13.073
27.201	13.067
27.146	13.060
27.095	13.052
27.048	13.044
27.003	13.034
26.962	13.023
26.924	13.010
26.890	12.996
26.860	12.979
26.834	12.961
26.811	12.940
26.793	12.917
26.778	12.891
26.768	12.862
26.761	12.831
26.757	12.798
26.756	12.763
26.757	12.725
26.759	12.686
26.763	12.646
26.767	12.604
26.772	12.562
26.777	12.518
26.781	12.474
26.785	12.430
26.786	12.385
26.787	12.340
26.786	12.295
26.785	12.251
26.783	12.206
26.782	12.161
26.781	12.116
26.781	12.071
26.783	12.027
26.787	11.982
26.794	11.938
26.803	11.894
26.815	11.850
26.832	11.806
26.852	11.762
26.877	11.719
