X	Y
17.796	4.697
17.824	4.676
17.854	4.656
17.888	4.636
17.924	4.618
17.964	4.600
18.005	4.583
18.050	4.567
18.096	4.551
18.145	4.536
18.196	4.521
18.249	4.506
18.304	4.492
18.361	4.479
18.419	4.465
18.479	4.452
18.540	4.439
18.603	4.425
18.666	4.412
18.731	4.399
18.797	4.385
18.864	4.372
18.931	4.358
18.999	4.344
19.067	4.329
19.136	4.314
19.205	4.298
19.275	4.282
19.344	4.266
19.413	4.248
19.482	4.230
19.551	4.211
19.621	4.192
19.690	4.172
19.759	4.152
19.828	4.131
19.897	4.109
19.967	4.087
20.036	4.064
20.105	4.041
20.174	4.018
20.243	3.994
20.313	3.969
20.382	3.944
20.451	3.918
20.521	3.893
20.590	3.866
20.659	3.840
20.729	3.812
20.798	3.785
20.868	3.757
20.937	3.729
21.007	3.701
21.077	3.672
21.146	3.643
21.216	3.613
21.286	3.584
21.356	3.554
21.426	3.524
21.496	3.493
21.566	3.463
21.636	3.432
21.707	3.401
21.777	3.370
21.848	3.338
21.918	3.307
21.989	3.275
22.059	3.244
22.130	3.212
22.201	3.180
22.272	3.148
22.343	3.116
22.414	3.084
22.484	3.052
22.555	3.020
22.626	2.988
22.697	2.956
22.768	2.923
22.839	2.891
22.910	2.859
22.981	2.827
23.051	2.796
23.122	2.764
23.193	2.732
23.263	2.700
23.334	2.669
23.404	2.638
23.474	2.607
23.545	2.576
23.615	2.545
23.685	2.514
23.754	2.484
23.824	2.454
23.894	2.424
23.963	2.394
24.032	2.365
24.102	2.335
24.170	2.307
24.239	2.278
24.308	2.250
24.376	2.222
24.444	2.194
24.512	2.167
24.580	2.140
24.648	2.114
24.715	2.088
24.783	2.062
24.850	2.037
24.918	2.012
24.985	1.988
25.052	1.963
25.120	1.940
25.187	1.917
25.255	1.894
25.322	1.872
25.390	1.850
25.458	1.829
25.525	1.808
25.593	1.788
25.662	1.768
25.730	1.749
25.799	1.730
25.868	1.712
25.937	1.694
26.006	1.677
26.076	1.660
26.146	1.644
26.216	1.629
26.287	1.614
26.358	1.600
26.430	1.586
26.502	1.574
26.574	1.561
26.647	1.549
26.721	1.538
26.795	1.528
26.869	1.518
26.944	1.509
27.019	1.500
27.095	1.493
27.171	1.485
27.247	1.478
27.324	1.472
27.400	1.467
27.477	1.462
27.554	1.457
27.631	1.453
27.708	1.449
27.785	1.446
27.861	1.444
27.938	1.442
28.015	1.440
28.091	1.439
28.167	1.438
28.243	1.438
28.318	1.438
28.393	1.438
28.468	1.439
28.542	1.440
28.615	1.441
28.688	1.443
28.761	1.445
28.832	1.448
28.903	1.450
28.974	1.454
29.043	1.457
29.112	1.460
29.180	1.464
29.247	1.468
29.313	1.472
29.378	1.477
29.442	1.481
29.504	1.486
29.566	1.492
29.626	1.498
29.685	1.504
29.743	1.511
29.799	1.519
29.854	1.527
29.907	1.536
29.958	1.547
30.008	1.558
30.055	1.571
30.101	1.584
30.145	1.599
30.187	1.616
30.227	1.633
30.265	1.653
30.300	1.674
30.334	1.696
30.364	1.721
30.393	1.747
30.419	1.775
30.442	1.806
30.463	1.838
30.481	1.872
30.497	1.909
30.511	1.947
30.522	1.987
30.531	2.028
30.538	2.071
30.544	2.115
30.547	2.160
30.549	2.207
30.549	2.255
30.548	2.304
30.545	2.353
30.541	2.403
30.536	2.454
30.529	2.506
30.522	2.558
30.514	2.610
30.505	2.662
30.496	2.715
30.486	2.767
30.475	2.820
30.464	2.872
30.453	2.924
30.442	2.976
30.430	3.028
30.417	3.079
30.405	3.131
30.391	3.182
30.378	3.233
30.363	3.284
30.349	3.335
30.334	3.386
30.318	3.437
30.301	3.488
30.284	3.538
30.267	3.589
30.248	3.640
30.229	3.690
30.210	3.741
30.189	3.792
30.168	3.843
30.146	3.893
30.124	3.944
30.100	3.995
30.076	4.047
30.051	4.098
30.025	4.149
29.998	4.201
29.970	4.253
29.941	4.304
29.912	4.356
29.881	4.409
29.850	4.461
29.818	4.513
29.785	4.565
29.752	4.618
29.718	4.670
29.683	4.723
29.647	4.775
29.611	4.828
29.574	4.880
29.537	4.933
29.499	4.985
29.460	5.038
29.421	5.090
29.381	5.142
29.341	5.195
29.300	5.247
29.259	5.299
29.217	5.351
29.175	5.402
29.132	5.454
29.089	5.506
29.046	5.557
29.002	5.608
28.958	5.659
28.914	5.710
28.869	5.761
28.824	5.811
28.779	5.861
28.733	5.911
28.687	5.961
28.641	6.010
28.595	6.059
28.549	6.107
28.502	6.155
28.455	6.203
28.408	6.251
28.361	6.298
28.313	6.344
28.266	6.390
28.218	6.436
28.170	6.481
28.122	6.525
28.074	6.569
28.026	6.612
27.977	6.655
27.929	6.697
27.880	6.738
27.832	6.779
27.783	6.819
27.734	6.859
27.686	6.897
27.637	6.935
27.588	6.972
27.539	7.008
27.490	7.044
27.442	7.079
27.393	7.112
27.344	7.145
27.296	7.177
27.247	7.208
27.198	7.239
27.149	7.268
27.100	7.296
27.050	7.324
27.000	7.351
26.950	7.376
26.900	7.401
26.849	7.425
26.798	7.448
26.746	7.470
26.694	7.491
26.642	7.511
26.588	7.530
26.534	7.548
26.480	7.565
26.424	7.582
26.368	7.597
26.311	7.611
26.253	7.624
26.195	7.637
26.135	7.648
26.074	7.658
26.013	7.667
25.950	7.676
25.886	7.683
25.822	7.689
25.756	7.694
25.689	7.699
25.621	7.702
25.553	7.705
25.483	7.706
25.413	7.707
25.342	7.707
25.271	7.706
25.199	7.705
25.126	7.703
25.053	7.700
24.979	7.696
24.905	7.692
24.831	7.688
24.756	7.682
24.682	7.677
24.607	7.671
24.532	7.664
24.457	7.657
24.381	7.649
24.306	7.641
24.232	7.633
24.157	7.624
24.082	7.616
24.008	7.607
23.934	7.597
23.860	7.588
23.787	7.578
23.715	7.568
23.642	7.558
23.571	7.548
23.500	7.538
23.430	7.528
23.360	7.518
23.292	7.508
23.223	7.498
23.156	7.488
23.089	7.478
23.023	7.468
22.957	7.458
22.891	7.449
22.826	7.439
22.761	7.429
22.697	7.419
22.633	7.408
22.568	7.398
22.505	7.388
22.441	7.378
22.377	7.368
22.313	7.358
22.249	7.348
22.185	7.337
22.121	7.327
22.057	7.316
21.992	7.306
21.927	7.295
21.862	7.285
21.796	7.274
21.730	7.263
21.664	7.253
21.596	7.242
21.529	7.231
21.460	7.220
21.392	7.208
21.322	7.197
21.251	7.186
21.180	7.174
21.108	7.163
21.036	7.151
20.963	7.139
20.889	7.127
20.816	7.115
20.741	7.103
20.667	7.091
20.592	7.079
20.517	7.066
20.442	7.054
20.367	7.041
20.292	7.029
20.216	7.016
20.141	7.003
20.067	6.990
19.992	6.977
19.918	6.964
19.844	6.951
19.770	6.938
19.697	6.925
19.625	6.911
19.553	6.898
19.481	6.884
19.411	6.871
19.341	6.857
19.272	6.843
19.204	6.829
19.136	6.815
19.070	6.801
19.005	6.787
18.941	6.773
18.878	6.759
18.817	6.744
18.756	6.730
18.697	6.715
18.640	6.701
18.583	6.686
18.529	6.671
18.475	6.656
18.423	6.641
18.372	6.625
18.323	6.610
18.275	6.594
18.229	6.577
18.184	6.561
18.140	6.544
18.098	6.526
18.058	6.509
18.019	6.491
17.982	6.472
17.946	6.453
17.912	6.434
17.880	6.414
17.849	6.393
17.820	6.373
17.793	6.351
17.767	6.329
17.743	6.306
17.721	6.283
17.700	6.259
17.680	6.234
17.662	6.209
17.646	6.182
17.630	6.155
17.616	6.127
17.603	6.098
17.592	6.068
17.581	6.037
17.572	6.005
17.564	5.972
17.556	5.937
17.550	5.902
17.544	5.865
17.540	5.828
17.536	5.790
17.533	5.751
17.531	5.713
17.529	5.674
17.529	5.636
17.529	5.598
17.530	5.561
17.531	5.524
17.534	5.489
17.537	5.454
17.540	5.422
17.544	5.390
17.549	5.361
17.554	5.334
17.560	5.308
17.566	5.285
17.573	5.264
17.580	5.244
17.587	5.226
17.593	5.208
17.600	5.192
17.606	5.176
17.612	5.160
17.617	5.145
17.621	5.129
17.625	5.113
17.629	5.096
17.632	5.080
17.635	5.062
17.638	5.044
17.641	5.025
17.644	5.005
17.648	4.983
17.652	4.961
17.657	4.938
17.663	4.914
17.670	4.890
17.679	4.865
17.689	4.840
17.701	4.816
17.715	4.791
17.731	4.767
17.750	4.743
17.772	4.720
17.796	4.697
