X	Y
11.376	5.547
11.389	5.516
11.402	5.486
11.417	5.456
11.433	5.427
11.451	5.397
11.470	5.368
11.490	5.339
11.511	5.310
11.534	5.282
11.557	5.253
11.582	5.225
11.608	5.197
11.635	5.169
11.664	5.141
11.693	5.113
11.723	5.085
11.755	5.058
11.787	5.031
11.820	5.003
11.854	4.976
11.890	4.949
11.926	4.922
11.963	4.895
12.000	4.868
12.039	4.841
12.078	4.815
12.118	4.788
12.159	4.761
12.201	4.735
12.243	4.708
12.286	4.681
12.329	4.655
12.374	4.628
12.418	4.601
12.464	4.575
12.510	4.548
12.556	4.521
12.603	4.495
12.650	4.468
12.697	4.441
12.745	4.415
12.794	4.388
12.842	4.362
12.891	4.336
12.940	4.309
12.989	4.283
13.038	4.257
13.087	4.231
13.136	4.205
13.185	4.180
13.234	4.154
13.283	4.129
13.332	4.104
13.380	4.079
13.428	4.055
13.477	4.030
13.524	4.006
13.572	3.982
13.619	3.958
13.665	3.935
13.712	3.912
13.757	3.889
13.802	3.867
13.847	3.845
13.891	3.823
13.934	3.801
13.976	3.780
14.018	3.760
14.059	3.739
14.099	3.719
14.138	3.700
14.177	3.681
14.214	3.662
14.251	3.644
14.286	3.626
14.320	3.609
14.354	3.592
14.386	3.576
14.417	3.560
14.447	3.544
14.477	3.529
14.506	3.514
14.534	3.499
14.562	3.485
14.589	3.470
14.615	3.456
14.642	3.441
14.668	3.427
14.694	3.412
14.721	3.398
14.747	3.383
14.773	3.368
14.800	3.352
14.827	3.337
14.854	3.321
14.882	3.304
14.910	3.287
14.939	3.270
14.969	3.252
14.999	3.233
15.031	3.214
15.063	3.194
15.097	3.173
15.132	3.151
15.168	3.129
15.205	3.106
15.243	3.082
15.282	3.057
15.323	3.031
15.364	3.005
15.407	2.979
15.450	2.951
15.494	2.923
15.539	2.895
15.584	2.866
15.631	2.837
15.678	2.807
15.726	2.777
15.774	2.746
15.823	2.716
15.872	2.685
15.922	2.653
15.972	2.622
16.022	2.590
16.073	2.559
16.124	2.527
16.176	2.495
16.227	2.463
16.279	2.431
16.330	2.399
16.382	2.368
16.434	2.336
16.485	2.305
16.537	2.273
16.588	2.242
16.640	2.212
16.691	2.181
16.741	2.151
16.792	2.121
16.842	2.092
16.891	2.063
16.940	2.035
16.989	2.007
17.037	1.980
17.084	1.953
17.131	1.927
17.177	1.902
17.222	1.877
17.267	1.853
17.311	1.830
17.354	1.807
17.396	1.786
17.437	1.765
17.478	1.744
17.518	1.725
17.557	1.706
17.596	1.687
17.634	1.670
17.672	1.653
17.709	1.636
17.746	1.620
17.782	1.604
17.818	1.589
17.854	1.575
17.890	1.560
17.925	1.547
17.960	1.533
17.995	1.520
18.030	1.507
18.064	1.495
18.099	1.483
18.134	1.471
18.168	1.459
18.203	1.448
18.238	1.436
18.273	1.425
18.308	1.414
18.344	1.403
18.380	1.392
18.416	1.381
18.453	1.371
18.489	1.360
18.527	1.349
18.565	1.338
18.603	1.327
18.641	1.317
18.680	1.306
18.719	1.295
18.759	1.284
18.799	1.273
18.839	1.262
18.879	1.251
18.919	1.240
18.959	1.229
19.000	1.218
19.040	1.207
19.081	1.196
19.121	1.185
19.161	1.174
19.202	1.163
19.242	1.152
19.282	1.141
19.322	1.130
19.362	1.119
19.401	1.108
19.440	1.097
19.479	1.086
19.517	1.075
19.555	1.064
19.593	1.053
19.630	1.043
19.667	1.032
19.703	1.021
19.739	1.010
19.774	0.999
19.808	0.988
19.842	0.978
19.876	0.967
19.908	0.957
19.940	0.947
19.972	0.937
20.003	0.928
20.033	0.919
20.063	0.911
20.093	0.903
20.122	0.896
20.150	0.890
20.178	0.885
20.205	0.881
20.233	0.878
20.259	0.876
20.286	0.875
20.311	0.875
20.337	0.877
20.362	0.880
20.387	0.885
20.411	0.891
20.436	0.899
20.459	0.908
20.483	0.920
20.506	0.933
20.529	0.947
20.552	0.963
20.574	0.981
20.595	1.000
20.617	1.020
20.637	1.042
20.657	1.065
20.677	1.088
20.696	1.113
20.714	1.138
20.732	1.164
20.748	1.191
20.765	1.218
20.780	1.245
20.794	1.273
20.808	1.302
20.820	1.330
20.832	1.358
20.843	1.387
20.852	1.415
20.861	1.443
20.869	1.471
20.875	1.498
20.880	1.525
20.885	1.552
20.888	1.579
20.891	1.605
20.893	1.631
20.894	1.657
20.894	1.682
20.894	1.708
20.893	1.734
20.892	1.759
20.891	1.785
20.889	1.811
20.887	1.837
20.884	1.863
20.882	1.890
20.880	1.917
20.878	1.944
20.876	1.971
20.874	1.999
20.872	2.028
20.871	2.057
20.870	2.087
20.869	2.117
20.869	2.148
20.869	2.179
20.869	2.211
20.870	2.243
20.871	2.276
20.872	2.309
20.873	2.343
20.875	2.377
20.876	2.411
20.877	2.446
20.879	2.481
20.880	2.517
20.881	2.552
20.883	2.588
20.884	2.625
20.884	2.661
20.885	2.698
20.885	2.735
20.885	2.772
20.885	2.809
20.885	2.846
20.884	2.883
20.882	2.920
20.880	2.958
20.878	2.995
20.875	3.033
20.871	3.070
20.867	3.107
20.862	3.145
20.857	3.182
20.851	3.219
20.844	3.256
20.837	3.293
20.830	3.330
20.822	3.366
20.813	3.403
20.805	3.439
20.796	3.476
20.786	3.512
20.777	3.548
20.766	3.584
20.756	3.619
20.746	3.655
20.735	3.690
20.724	3.725
20.713	3.759
20.702	3.794
20.691	3.828
20.679	3.862
20.668	3.896
20.656	3.929
20.645	3.962
20.634	3.995
20.622	4.028
20.611	4.060
20.600	4.092
20.589	4.124
20.578	4.155
20.567	4.186
20.557	4.216
20.547	4.247
20.536	4.277
20.526	4.306
20.516	4.336
20.506	4.365
20.495	4.395
20.485	4.424
20.475	4.452
20.465	4.481
20.454	4.510
20.444	4.538
20.433	4.567
20.422	4.595
20.411	4.623
20.400	4.652
20.389	4.680
20.378	4.709
20.366	4.737
20.354	4.766
20.341	4.794
20.329	4.823
20.316	4.852
20.302	4.881
20.289	4.910
20.274	4.940
20.260	4.969
20.245	4.999
20.230	5.028
20.214	5.058
20.198	5.087
20.181	5.116
20.164	5.145
20.146	5.174
20.128	5.203
20.110	5.232
20.091	5.260
20.071	5.288
20.051	5.315
20.030	5.342
20.009	5.369
19.988	5.395
19.965	5.420
19.943	5.445
19.919	5.470
19.895	5.493
19.871	5.516
19.846	5.539
19.820	5.560
19.793	5.581
19.766	5.601
19.739	5.620
19.710	5.638
19.681	5.655
19.652	5.671
19.622	5.687
19.591	5.702
19.559	5.716
19.527	5.729
19.495	5.742
19.462	5.754
19.428	5.766
19.393	5.777
19.358	5.787
19.322	5.797
19.286	5.807
19.249	5.816
19.212	5.825
19.174	5.833
19.136	5.841
19.097	5.849
19.057	5.857
19.017	5.864
18.976	5.871
18.935	5.878
18.893	5.884
18.851	5.891
18.808	5.898
18.764	5.904
18.721	5.911
18.676	5.917
18.631	5.924
18.586	5.931
18.540	5.938
18.493	5.944
18.447	5.952
18.399	5.959
18.351	5.966
18.303	5.973
18.255	5.981
18.206	5.988
18.156	5.996
18.107	6.003
18.057	6.011
18.006	6.019
17.955	6.026
17.904	6.034
17.853	6.041
17.801	6.049
17.750	6.057
17.698	6.064
17.645	6.072
17.593	6.079
17.540	6.087
17.487	6.094
17.434	6.101
17.381	6.108
17.328	6.115
17.274	6.122
17.221	6.129
17.167	6.136
17.113	6.142
17.060	6.149
17.006	6.155
16.952	6.161
16.898	6.167
16.844	6.173
16.791	6.178
16.737	6.184
16.683	6.189
16.629	6.193
16.576	6.198
16.522	6.202
16.469	6.207
16.416	6.210
16.363	6.214
16.310	6.217
16.257	6.220
16.205	6.223
16.152	6.226
16.100	6.228
16.048	6.230
15.995	6.232
15.944	6.233
15.892	6.235
15.840	6.236
15.788	6.236
15.736	6.237
15.685	6.238
15.633	6.238
15.582	6.238
15.531	6.238
15.479	6.238
15.428	6.237
15.377	6.237
15.325	6.236
15.274	6.235
15.223	6.234
15.171	6.233
15.120	6.231
15.069	6.230
15.017	6.229
14.966	6.227
14.914	6.225
14.863	6.224
14.811	6.222
14.759	6.220
14.708	6.218
14.656	6.216
14.604	6.214
14.552	6.212
14.500	6.210
14.447	6.207
14.395	6.205
14.342	6.203
14.289	6.201
14.237	6.199
14.184	6.196
14.130	6.194
14.077	6.192
14.023	6.190
13.970	6.188
13.916	6.186
13.862	6.184
13.808	6.182
13.754	6.180
13.700	6.178
13.647	6.176
13.593	6.175
13.539	6.173
13.485	6.171
13.432	6.170
13.378	6.168
13.325	6.167
13.272	6.166
13.220	6.164
13.167	6.163
13.115	6.162
13.063	6.161
13.011	6.161
12.960	6.160
12.909	6.159
12.859	6.159
12.809	6.159
12.759	6.158
12.710	6.158
12.662	6.158
12.614	6.159
12.566	6.159
12.520	6.160
12.473	6.160
12.428	6.161
12.383	6.162
12.339	6.163
12.295	6.164
12.253	6.166
12.211	6.168
12.169	6.169
12.129	6.172
12.089	6.174
12.051	6.176
12.013	6.179
11.976	6.181
11.940	6.184
11.905	6.186
11.871	6.189
11.838	6.191
11.805	6.192
11.774	6.193
11.744	6.194
11.714	6.194
11.686	6.193
11.659	6.192
11.632	6.190
11.607	6.186
11.583	6.182
11.559	6.177
11.537	6.170
11.516	6.163
11.496	6.154
11.477	6.143
11.459	6.131
11.442	6.118
11.426	6.102
11.412	6.086
11.398	6.067
11.386	6.048
11.375	6.026
11.365	6.004
11.356	5.981
11.348	5.956
11.342	5.930
11.337	5.904
11.333	5.876
11.330	5.848
11.329	5.820
11.329	5.790
11.330	5.760
11.333	5.730
11.337	5.700
11.342	5.669
11.348	5.639
11.356	5.608
11.366	5.577
11.376	5.547
