X	Y
1072.000	698.000
1073.020	696.718
1074.262	695.528
1075.721	694.429
1077.392	693.416
1079.271	692.488
1081.353	691.641
1083.633	690.873
1086.106	690.182
1088.769	689.564
1091.615	689.016
1094.641	688.536
1097.841	688.122
1101.212	687.769
1104.748	687.477
1108.444	687.242
1112.296	687.060
1116.300	686.930
1120.450	686.849
1124.741	686.814
1129.170	686.822
1133.731	686.871
1138.419	686.957
1143.231	687.078
1148.160	687.232
1153.203	687.415
1158.355	687.625
1163.611	687.859
1168.967	688.114
1174.417	688.388
1179.957	688.678
1185.582	688.981
1191.288	689.294
1197.069	689.615
1202.922	689.940
1208.841	690.268
1214.824	690.598
1220.867	690.930
1226.967	691.266
1233.123	691.604
1239.330	691.946
1245.586	692.291
1251.888	692.641
1258.234	692.996
1264.621	693.356
1271.045	693.721
1277.504	694.092
1283.996	694.470
1290.516	694.854
1297.063	695.245
1303.634	695.644
1310.225	696.051
1316.834	696.465
1323.458	696.889
1330.095	697.322
1336.741	697.764
1343.393	698.216
1350.050	698.678
1356.707	699.150
1363.362	699.634
1370.013	700.129
1376.656	700.636
1383.289	701.156
1389.908	701.688
1396.512	702.232
1403.096	702.791
1409.659	703.363
1416.197	703.949
1422.708	704.550
1429.188	705.166
1435.636	705.797
1442.047	706.444
1448.420	707.107
1454.752	707.786
1461.039	708.483
1467.278	709.197
1473.468	709.929
1479.605	710.679
1485.686	711.447
1491.708	712.234
1497.670	713.041
1503.567	713.867
1509.396	714.714
1515.156	715.580
1520.844	716.468
1526.455	717.377
1531.989	718.308
1537.441	719.261
1542.809	720.236
1548.090	721.235
1553.282	722.256
1558.383	723.301
1563.395	724.368
1568.322	725.458
1573.167	726.569
1577.931	727.701
1582.619	728.852
1587.232	730.024
1591.773	731.214
1596.246	732.421
1600.654	733.647
1604.998	734.889
1609.282	736.147
1613.509	737.420
1617.681	738.708
1621.801	740.010
1625.872	741.326
1629.897	742.654
1633.879	743.994
1637.821	745.346
1641.725	746.708
1645.594	748.080
1649.430	749.462
1653.238	750.852
1657.019	752.250
1660.776	753.656
1664.513	755.068
1668.232	756.486
1671.935	757.910
1675.626	759.338
1679.308	760.771
1682.983	762.206
1686.654	763.644
1690.323	765.085
1693.995	766.526
1697.671	767.968
1701.354	769.411
1705.047	770.852
1708.754	772.292
1712.474	773.731
1716.206	775.169
1719.947	776.609
1723.693	778.052
1727.441	779.498
1731.189	780.950
1734.934	782.409
1738.672	783.875
1742.401	785.352
1746.118	786.840
1749.818	788.340
1753.501	789.854
1757.162	791.384
1760.798	792.930
1764.407	794.494
1767.986	796.078
1771.531	797.683
1775.039	799.310
1778.508	800.961
1781.935	802.637
1785.315	804.339
1788.648	806.070
1791.929	807.830
1795.155	809.621
1798.324	811.444
1801.432	813.301
1804.477	815.193
1807.455	817.121
1810.364	819.087
1813.200	821.092
1815.961	823.138
1818.643	825.226
1821.244	827.358
1823.760	829.534
1826.191	831.754
1828.537	834.014
1830.799	836.313
1832.977	838.646
1835.073	841.011
1837.085	843.407
1839.014	845.829
1840.862	848.275
1842.628	850.742
1844.314	853.228
1845.918	855.730
1847.443	858.244
1848.888	860.769
1850.253	863.301
1851.540	865.838
1852.749	868.377
1853.880	870.916
1854.933	873.450
1855.909	875.978
1856.809	878.497
1857.633	881.005
1858.381	883.497
1859.055	885.973
1859.653	888.428
1860.177	890.860
1860.627	893.268
1860.999	895.653
1861.292	898.016
1861.504	900.359
1861.632	902.683
1861.673	904.989
1861.627	907.278
1861.489	909.552
1861.259	911.811
1860.933	914.058
1860.510	916.293
1859.987	918.518
1859.362	920.733
1858.632	922.941
1857.796	925.142
1856.851	927.338
1855.795	929.530
1854.626	931.720
1853.340	933.907
1851.937	936.095
1850.414	938.283
1848.773	940.471
1847.018	942.659
1845.150	944.845
1843.171	947.029
1841.085	949.210
1838.894	951.388
1836.600	953.561
1834.207	955.728
1831.715	957.890
1829.128	960.045
1826.449	962.192
1823.679	964.331
1820.822	966.460
1817.880	968.580
1814.855	970.689
1811.750	972.786
1808.567	974.872
1805.309	976.944
1801.978	979.002
1798.578	981.046
1795.109	983.074
1791.575	985.086
1787.979	987.081
1784.322	989.059
1780.608	991.018
1776.838	992.958
1773.016	994.877
1769.143	996.776
1765.223	998.653
1761.258	1000.508
1757.249	1002.340
1753.200	1004.148
1749.111	1005.931
1744.983	1007.689
1740.816	1009.421
1736.610	1011.127
1732.367	1012.806
1728.086	1014.457
1723.769	1016.079
1719.417	1017.673
1715.028	1019.237
1710.605	1020.771
1706.148	1022.274
1701.657	1023.745
1697.133	1025.184
1692.576	1026.590
1687.987	1027.963
1683.368	1029.302
1678.717	1030.606
1674.036	1031.875
1669.326	1033.108
1664.586	1034.304
1659.818	1035.463
1655.022	1036.584
1650.199	1037.667
1645.349	1038.711
1640.473	1039.714
1635.572	1040.678
1630.645	1041.600
1625.694	1042.480
1620.719	1043.319
1615.721	1044.114
1610.701	1044.866
1605.658	1045.573
1600.594	1046.236
1595.508	1046.853
1590.403	1047.424
1585.277	1047.948
1580.132	1048.425
1574.969	1048.854
1569.788	1049.234
1564.589	1049.565
1559.373	1049.846
1554.141	1050.076
1548.894	1050.255
1543.632	1050.384
1538.356	1050.463
1533.069	1050.492
1527.770	1050.470
1522.462	1050.400
1517.145	1050.280
1511.820	1050.112
1506.489	1049.895
1501.152	1049.629
1495.811	1049.316
1490.467	1048.955
1485.120	1048.546
1479.773	1048.091
1474.426	1047.588
1469.081	1047.040
1463.738	1046.444
1458.399	1045.803
1453.064	1045.116
1447.735	1044.384
1442.414	1043.607
1437.100	1042.785
1431.796	1041.918
1426.502	1041.007
1421.219	1040.052
1415.950	1039.054
1410.694	1038.012
1405.453	1036.927
1400.228	1035.800
1395.020	1034.630
1389.830	1033.417
1384.660	1032.163
1379.510	1030.867
1374.383	1029.530
1369.277	1028.152
1364.196	1026.733
1359.140	1025.273
1354.110	1023.774
1349.107	1022.234
1344.133	1020.655
1339.188	1019.037
1334.274	1017.379
1329.392	1015.683
1324.543	1013.949
1319.728	1012.176
1314.948	1010.365
1310.204	1008.517
1305.497	1006.632
1300.827	1004.711
1296.194	1002.755
1291.598	1000.766
1287.039	998.742
1282.517	996.687
1278.033	994.600
1273.586	992.483
1269.178	990.336
1264.807	988.160
1260.474	985.956
1256.179	983.726
1251.923	981.469
1247.705	979.187
1243.525	976.881
1239.385	974.552
1235.282	972.200
1231.220	969.827
1227.196	967.433
1223.211	965.019
1219.266	962.586
1215.360	960.136
1211.494	957.668
1207.668	955.184
1203.881	952.685
1200.135	950.171
1196.429	947.644
1192.763	945.105
1189.138	942.553
1185.553	939.991
1182.009	937.419
1178.506	934.838
1175.044	932.249
1171.623	929.653
1168.243	927.050
1164.904	924.442
1161.608	921.829
1158.352	919.213
1155.139	916.594
1151.968	913.973
1148.839	911.351
1145.755	908.728
1142.718	906.104
1139.731	903.478
1136.796	900.851
1133.917	898.222
1131.095	895.591
1128.333	892.958
1125.634	890.323
1123.001	887.685
1120.436	885.045
1117.941	882.403
1115.519	879.758
1113.173	877.109
1110.906	874.458
1108.719	871.803
1106.616	869.145
1104.599	866.483
1102.671	863.818
1100.834	861.149
1099.091	858.475
1097.444	855.798
1095.897	853.116
1094.451	850.430
1093.109	847.739
1091.874	845.043
1090.749	842.342
1089.736	839.637
1088.837	836.926
1088.055	834.209
1087.392	831.487
1086.839	828.763
1086.389	826.037
1086.030	823.314
1085.753	820.595
1085.549	817.884
1085.408	815.182
1085.320	812.493
1085.276	809.820
1085.267	807.164
1085.282	804.528
1085.311	801.915
1085.347	799.328
1085.378	796.769
1085.395	794.241
1085.388	791.747
1085.349	789.288
1085.266	786.868
1085.132	784.490
1084.935	782.155
1084.667	779.867
1084.317	777.628
1083.877	775.440
1083.344	773.306
1082.728	771.224
1082.041	769.193
1081.297	767.212
1080.506	765.280
1079.682	763.396
1078.836	761.558
1077.980	759.765
1077.127	758.017
1076.290	756.312
1075.479	754.648
1074.708	753.026
1073.989	751.443
1073.333	749.899
1072.754	748.391
1072.262	746.921
1071.871	745.485
1071.583	744.083
1071.388	742.714
1071.276	741.378
1071.235	740.073
1071.255	738.798
1071.324	737.552
1071.433	736.336
1071.569	735.146
1071.722	733.984
1071.881	732.848
1072.036	731.736
1072.177	730.646
1072.298	729.566
1072.396	728.488
1072.466	727.400
1072.502	726.292
1072.500	725.153
1072.454	723.973
1072.362	722.741
1072.216	721.447
1072.014	720.081
1071.752	718.635
1071.448	717.118
1071.122	715.542
1070.795	713.919
1070.487	712.264
1070.218	710.589
1070.011	708.907
1069.885	707.229
1069.861	705.570
1069.960	703.943
1070.203	702.359
1070.610	700.832
1071.202	699.375
1072.000	698.000
