X	Y
57.779	31.015
57.880	30.809
57.998	30.598
58.132	30.380
58.281	30.158
58.445	29.930
58.622	29.698
58.812	29.461
59.013	29.220
59.227	28.974
59.451	28.725
59.684	28.472
59.927	28.216
60.178	27.956
60.436	27.694
60.702	27.429
60.973	27.162
61.249	26.892
61.530	26.620
61.815	26.347
62.103	26.072
62.393	25.796
62.685	25.519
62.980	25.240
63.277	24.961
63.575	24.680
63.875	24.399
64.176	24.117
64.478	23.834
64.781	23.550
65.085	23.266
65.389	22.982
65.693	22.697
65.997	22.412
66.301	22.127
66.604	21.842
66.906	21.557
67.208	21.272
67.508	20.987
67.807	20.702
68.105	20.418
68.400	20.135
68.694	19.852
68.985	19.570
69.273	19.288
69.560	19.008
69.843	18.728
70.125	18.450
70.405	18.172
70.683	17.896
70.959	17.621
71.235	17.347
71.509	17.075
71.782	16.804
72.054	16.535
72.326	16.268
72.597	16.003
72.868	15.739
73.139	15.477
73.410	15.217
73.682	14.960
73.954	14.704
74.227	14.451
74.501	14.201
74.776	13.952
75.053	13.706
75.330	13.463
75.610	13.223
75.891	12.985
76.174	12.750
76.458	12.518
76.744	12.288
77.031	12.061
77.319	11.837
77.608	11.616
77.898	11.398
78.189	11.183
78.480	10.970
78.773	10.760
79.065	10.554
79.359	10.350
79.652	10.149
79.946	9.952
80.241	9.757
80.535	9.565
80.829	9.376
81.124	9.191
81.418	9.008
81.711	8.829
82.005	8.653
82.299	8.480
82.595	8.311
82.891	8.145
83.189	7.983
83.490	7.826
83.793	7.672
84.099	7.523
84.408	7.378
84.722	7.238
85.040	7.102
85.362	6.972
85.690	6.846
86.023	6.726
86.363	6.611
86.709	6.502
87.061	6.398
87.421	6.300
87.789	6.208
88.165	6.123
88.549	6.043
88.940	5.970
89.337	5.902
89.737	5.841
90.139	5.786
90.542	5.737
90.945	5.693
91.346	5.656
91.743	5.624
92.136	5.598
92.522	5.577
92.900	5.562
93.270	5.553
93.628	5.549
93.974	5.550
94.307	5.556
94.624	5.568
94.925	5.585
95.208	5.607
95.471	5.634
95.714	5.667
95.934	5.704
96.134	5.748
96.314	5.800
96.475	5.862
96.620	5.937
96.750	6.024
96.866	6.127
96.969	6.247
97.061	6.386
97.144	6.545
97.218	6.726
97.285	6.928
97.345	7.150
97.398	7.390
97.446	7.648
97.489	7.923
97.527	8.213
97.562	8.516
97.593	8.833
97.622	9.162
97.649	9.502
97.675	9.852
97.700	10.210
97.725	10.576
97.750	10.948
97.777	11.325
97.806	11.707
97.837	12.091
97.872	12.477
97.909	12.865
97.949	13.254
97.991	13.643
98.036	14.033
98.081	14.422
98.128	14.811
98.176	15.198
98.224	15.585
98.272	15.970
98.319	16.353
98.366	16.733
98.412	17.111
98.456	17.485
98.498	17.857
98.538	18.224
98.575	18.587
98.609	18.945
98.640	19.299
98.666	19.647
98.689	19.989
98.707	20.325
98.719	20.655
98.727	20.979
98.730	21.297
98.729	21.610
98.724	21.919
98.715	22.224
98.702	22.527
98.686	22.828
98.667	23.127
98.646	23.425
98.622	23.723
98.597	24.022
98.569	24.322
98.540	24.624
98.510	24.928
98.480	25.236
98.448	25.548
98.417	25.864
98.385	26.186
98.354	26.513
98.322	26.844
98.289	27.179
98.254	27.516
98.217	27.854
98.178	28.193
98.135	28.532
98.089	28.869
98.038	29.203
97.982	29.534
97.922	29.861
97.855	30.182
97.782	30.497
97.701	30.804
97.614	31.103
97.518	31.393
97.414	31.672
97.300	31.941
97.177	32.197
97.044	32.440
96.902	32.672
96.752	32.893
96.595	33.106
96.431	33.309
96.262	33.505
96.087	33.695
95.909	33.880
95.727	34.061
95.543	34.238
95.357	34.413
95.170	34.587
94.984	34.761
94.798	34.936
94.614	35.113
94.432	35.293
94.252	35.476
94.072	35.659
93.893	35.843
93.713	36.027
93.531	36.210
93.347	36.391
93.159	36.569
92.968	36.744
92.771	36.914
92.570	37.080
92.361	37.239
92.146	37.391
91.922	37.536
91.690	37.672
91.448	37.799
91.196	37.917
90.936	38.026
90.669	38.125
90.394	38.215
90.113	38.297
89.827	38.370
89.535	38.434
89.240	38.491
88.941	38.538
88.640	38.578
88.337	38.610
88.033	38.634
87.729	38.651
87.425	38.660
87.123	38.662
86.822	38.656
86.525	38.644
86.230	38.625
85.938	38.600
85.649	38.569
85.363	38.535
85.080	38.496
84.799	38.455
84.520	38.410
84.244	38.365
83.970	38.318
83.698	38.271
83.428	38.224
83.160	38.179
82.894	38.135
82.629	38.093
82.366	38.055
82.104	38.021
81.843	37.991
81.584	37.966
81.325	37.945
81.065	37.928
80.805	37.916
80.544	37.907
80.282	37.903
80.017	37.902
79.750	37.905
79.480	37.912
79.206	37.922
78.928	37.936
78.646	37.952
78.359	37.972
78.067	37.995
77.769	38.021
77.464	38.050
77.154	38.081
76.837	38.115
76.515	38.151
76.187	38.188
75.855	38.227
75.517	38.267
75.174	38.309
74.827	38.351
74.475	38.393
74.120	38.436
73.760	38.478
73.397	38.520
73.030	38.562
72.660	38.602
72.287	38.642
71.911	38.680
71.533	38.716
71.153	38.751
70.770	38.783
70.385	38.813
69.999	38.840
69.611	38.865
69.223	38.887
68.833	38.906
68.443	38.923
68.053	38.937
67.663	38.948
67.274	38.957
66.885	38.963
66.497	38.967
66.110	38.968
65.725	38.966
65.342	38.962
64.961	38.956
64.583	38.947
64.207	38.935
63.834	38.921
63.465	38.905
63.100	38.886
62.738	38.864
62.381	38.840
62.028	38.814
61.680	38.785
61.338	38.753
61.002	38.718
60.675	38.677
60.358	38.631
60.051	38.579
59.755	38.519
59.473	38.451
59.204	38.375
58.951	38.289
58.714	38.192
58.494	38.084
58.293	37.963
58.113	37.830
57.953	37.682
57.815	37.521
57.701	37.343
57.609	37.152
57.537	36.948
57.483	36.734
57.445	36.512
57.421	36.284
57.409	36.051
57.406	35.817
57.410	35.583
57.420	35.352
57.434	35.124
57.448	34.903
57.461	34.690
57.472	34.488
57.479	34.296
57.483	34.112
57.484	33.936
57.484	33.766
57.482	33.601
57.478	33.439
57.474	33.280
57.470	33.122
57.466	32.963
57.462	32.803
57.460	32.641
57.462	32.476
57.468	32.308
57.480	32.136
57.501	31.961
57.531	31.782
57.573	31.598
57.627	31.409
57.695	31.215
57.779	31.015
