X	Y
34.294	19.492
34.381	19.417
34.477	19.347
34.583	19.280
34.698	19.216
34.821	19.156
34.953	19.099
35.092	19.045
35.239	18.994
35.393	18.946
35.554	18.901
35.721	18.858
35.894	18.818
36.072	18.781
36.255	18.746
36.444	18.713
36.636	18.682
36.833	18.653
37.033	18.626
37.236	18.601
37.442	18.577
37.651	18.555
37.862	18.535
38.074	18.515
38.288	18.498
38.502	18.481
38.717	18.465
38.933	18.450
39.148	18.436
39.362	18.422
39.575	18.409
39.787	18.397
39.997	18.385
40.205	18.373
40.411	18.361
40.613	18.349
40.813	18.337
41.010	18.326
41.204	18.314
41.395	18.303
41.583	18.292
41.769	18.282
41.952	18.272
42.132	18.262
42.309	18.254
42.484	18.245
42.656	18.238
42.826	18.231
42.993	18.226
43.157	18.221
43.319	18.217
43.478	18.214
43.635	18.212
43.789	18.211
43.941	18.212
44.090	18.214
44.238	18.217
44.382	18.222
44.524	18.228
44.664	18.236
44.802	18.245
44.937	18.256
45.070	18.269
45.201	18.283
45.330	18.300
45.456	18.318
45.581	18.339
45.703	18.361
45.823	18.385
45.940	18.411
46.056	18.440
46.169	18.470
46.280	18.502
46.389	18.536
46.496	18.572
46.600	18.611
46.702	18.651
46.802	18.693
46.900	18.737
46.996	18.783
47.089	18.831
47.180	18.881
47.269	18.934
47.356	18.988
47.441	19.044
47.523	19.102
47.603	19.163
47.681	19.225
47.756	19.289
47.830	19.355
47.902	19.423
47.972	19.492
48.040	19.563
48.107	19.636
48.171	19.710
48.235	19.786
48.296	19.863
48.357	19.942
48.415	20.021
48.473	20.102
48.529	20.184
48.584	20.268
48.638	20.352
48.691	20.437
48.743	20.523
48.794	20.610
48.843	20.698
48.890	20.787
48.935	20.877
48.976	20.967
49.015	21.059
49.049	21.152
49.080	21.245
49.105	21.340
49.126	21.435
49.142	21.532
49.152	21.629
49.155	21.728
49.153	21.827
49.143	21.928
49.125	22.030
49.100	22.132
49.067	22.236
49.026	22.341
48.977	22.446
48.922	22.553
48.859	22.659
48.791	22.767
48.716	22.874
48.637	22.982
48.552	23.090
48.462	23.198
48.369	23.306
48.272	23.414
48.171	23.521
48.067	23.628
47.961	23.734
47.853	23.840
47.743	23.945
47.632	24.048
47.521	24.151
47.408	24.252
47.296	24.353
47.184	24.451
47.073	24.548
46.963	24.644
46.855	24.737
46.749	24.829
46.645	24.919
46.543	25.006
46.443	25.091
46.345	25.174
46.248	25.255
46.153	25.332
46.058	25.407
45.965	25.479
45.872	25.549
45.779	25.615
45.687	25.677
45.595	25.737
45.503	25.793
45.410	25.846
45.316	25.895
45.222	25.940
45.127	25.981
45.031	26.018
44.933	26.051
44.833	26.080
44.732	26.105
44.629	26.125
44.524	26.142
44.419	26.155
44.315	26.166
44.211	26.176
44.109	26.185
44.010	26.194
43.913	26.203
43.821	26.213
43.733	26.225
43.650	26.240
43.573	26.258
43.504	26.279
43.441	26.306
43.387	26.338
43.342	26.375
43.306	26.420
43.279	26.470
43.261	26.527
43.250	26.587
43.245	26.652
43.247	26.720
43.253	26.791
43.263	26.863
43.277	26.936
43.292	27.009
43.310	27.082
43.328	27.153
43.345	27.222
43.362	27.288
43.377	27.352
43.389	27.414
43.397	27.472
43.400	27.528
43.398	27.580
43.390	27.629
43.374	27.675
43.351	27.718
43.318	27.757
43.276	27.792
43.225	27.825
43.167	27.855
43.103	27.883
43.032	27.909
42.957	27.933
42.877	27.957
42.794	27.980
42.708	28.003
42.621	28.026
42.532	28.051
42.444	28.076
42.356	28.103
42.270	28.132
42.187	28.163
42.106	28.197
42.028	28.233
41.953	28.272
41.882	28.313
41.814	28.357
41.750	28.403
41.689	28.451
41.633	28.502
41.581	28.556
41.534	28.611
41.492	28.670
41.454	28.730
41.421	28.793
41.394	28.859
41.372	28.926
41.355	28.995
41.342	29.065
41.333	29.135
41.328	29.204
41.326	29.273
41.327	29.340
41.330	29.405
41.336	29.467
41.343	29.526
41.352	29.582
41.361	29.632
41.371	29.679
41.379	29.721
41.385	29.761
41.386	29.797
41.381	29.832
41.369	29.865
41.348	29.897
41.318	29.929
41.279	29.960
41.231	29.990
41.176	30.019
41.114	30.047
41.044	30.074
40.969	30.100
40.888	30.124
40.802	30.146
40.711	30.167
40.617	30.185
40.519	30.202
40.419	30.216
40.316	30.228
40.212	30.238
40.105	30.246
39.998	30.250
39.889	30.253
39.778	30.253
39.666	30.251
39.553	30.247
39.439	30.240
39.324	30.231
39.207	30.220
39.090	30.207
38.972	30.191
38.854	30.173
38.735	30.153
38.615	30.131
38.495	30.107
38.375	30.081
38.254	30.052
38.133	30.022
38.013	29.990
37.892	29.955
37.771	29.918
37.651	29.880
37.530	29.839
37.411	29.797
37.291	29.752
37.173	29.705
37.055	29.656
36.938	29.605
36.822	29.552
36.707	29.497
36.594	29.440
36.481	29.380
36.370	29.318
36.261	29.255
36.153	29.188
36.046	29.120
35.942	29.049
35.839	28.977
35.739	28.902
35.641	28.824
35.544	28.744
35.451	28.662
35.359	28.578
35.271	28.491
35.185	28.402
35.101	28.311
35.020	28.218
34.942	28.124
34.867	28.027
34.794	27.929
34.723	27.830
34.656	27.730
34.591	27.628
34.528	27.526
34.468	27.423
34.411	27.320
34.357	27.217
34.305	27.113
34.255	27.009
34.209	26.906
34.165	26.802
34.123	26.700
34.085	26.598
34.049	26.496
34.015	26.396
33.984	26.297
33.956	26.199
33.930	26.102
33.907	26.005
33.886	25.909
33.867	25.812
33.850	25.716
33.836	25.620
33.823	25.524
33.812	25.427
33.803	25.329
33.796	25.230
33.790	25.130
33.786	25.029
33.783	24.926
33.782	24.821
33.782	24.715
33.784	24.606
33.786	24.496
33.789	24.382
33.794	24.267
33.799	24.149
33.805	24.030
33.811	23.909
33.818	23.786
33.825	23.661
33.833	23.536
33.840	23.409
33.848	23.281
33.856	23.152
33.863	23.023
33.870	22.893
33.877	22.763
33.883	22.632
33.888	22.501
33.893	22.371
33.897	22.241
33.900	22.111
33.901	21.982
33.902	21.853
33.901	21.726
33.899	21.599
33.895	21.474
33.890	21.350
33.885	21.227
33.880	21.106
33.875	20.987
33.872	20.869
33.871	20.754
33.872	20.640
33.876	20.529
33.884	20.421
33.896	20.314
33.913	20.211
33.936	20.110
33.964	20.012
33.999	19.917
34.041	19.825
34.091	19.736
34.150	19.651
34.217	19.570
34.294	19.492
