X	Y
50.741	24.074
50.808	23.989
50.895	23.913
50.998	23.844
51.119	23.783
51.255	23.728
51.405	23.680
51.569	23.637
51.745	23.600
51.932	23.568
52.130	23.540
52.337	23.516
52.552	23.495
52.774	23.478
53.003	23.463
53.236	23.450
53.474	23.438
53.714	23.428
53.956	23.418
54.200	23.408
54.443	23.398
54.686	23.388
54.928	23.378
55.170	23.368
55.412	23.358
55.654	23.349
55.895	23.340
56.135	23.332
56.375	23.325
56.614	23.319
56.853	23.315
57.092	23.312
57.329	23.311
57.566	23.312
57.802	23.315
58.038	23.321
58.273	23.328
58.507	23.339
58.740	23.352
58.972	23.368
59.204	23.387
59.435	23.410
59.664	23.436
59.893	23.466
60.121	23.500
60.347	23.538
60.573	23.579
60.797	23.624
61.020	23.673
61.242	23.725
61.462	23.780
61.680	23.839
61.897	23.901
62.113	23.965
62.326	24.033
62.538	24.103
62.747	24.176
62.955	24.252
63.160	24.330
63.364	24.410
63.565	24.492
63.763	24.577
63.960	24.663
64.153	24.751
64.344	24.841
64.533	24.933
64.718	25.026
64.901	25.120
65.081	25.216
65.258	25.313
65.432	25.412
65.604	25.513
65.772	25.616
65.938	25.721
66.101	25.828
66.261	25.937
66.419	26.049
66.573	26.163
66.725	26.280
66.875	26.399
67.021	26.522
67.165	26.647
67.306	26.776
67.444	26.908
67.580	27.043
67.713	27.182
67.844	27.324
67.971	27.470
68.096	27.620
68.218	27.772
68.337	27.927
68.452	28.084
68.563	28.243
68.670	28.404
68.773	28.566
68.872	28.729
68.966	28.893
69.055	29.056
69.139	29.219
69.217	29.382
69.290	29.544
69.357	29.704
69.418	29.862
69.473	30.019
69.521	30.173
69.563	30.325
69.598	30.473
69.626	30.619
69.648	30.761
69.665	30.901
69.677	31.039
69.684	31.175
69.687	31.308
69.686	31.439
69.681	31.569
69.674	31.697
69.664	31.823
69.652	31.948
69.639	32.072
69.624	32.195
69.608	32.317
69.593	32.438
69.578	32.558
69.564	32.677
69.551	32.795
69.541	32.912
69.534	33.028
69.530	33.143
69.530	33.257
69.535	33.370
69.546	33.482
69.562	33.594
69.584	33.704
69.609	33.814
69.638	33.923
69.668	34.032
69.697	34.140
69.725	34.249
69.749	34.358
69.768	34.468
69.780	34.578
69.784	34.689
69.779	34.801
69.763	34.914
69.737	35.029
69.701	35.145
69.657	35.261
69.607	35.380
69.550	35.499
69.489	35.619
69.424	35.740
69.356	35.862
69.287	35.984
69.217	36.108
69.149	36.232
69.082	36.358
69.018	36.483
68.957	36.610
68.901	36.736
68.848	36.863
68.799	36.990
68.753	37.116
68.711	37.241
68.673	37.366
68.638	37.489
68.607	37.611
68.579	37.731
68.555	37.849
68.535	37.966
68.518	38.079
68.504	38.191
68.492	38.300
68.482	38.407
68.472	38.513
68.460	38.618
68.446	38.722
68.428	38.826
68.406	38.931
68.378	39.036
68.344	39.142
68.301	39.250
68.249	39.359
68.188	39.471
68.121	39.584
68.047	39.698
67.969	39.814
67.886	39.931
67.801	40.050
67.714	40.169
67.627	40.289
67.540	40.410
67.455	40.531
67.374	40.652
67.296	40.774
67.223	40.896
67.156	41.017
67.096	41.139
67.040	41.258
66.988	41.376
66.937	41.492
66.887	41.604
66.836	41.712
66.783	41.815
66.725	41.913
66.662	42.004
66.593	42.089
66.515	42.166
66.427	42.235
66.329	42.295
66.222	42.347
66.109	42.393
65.991	42.433
65.869	42.469
65.747	42.501
65.626	42.530
65.507	42.558
65.393	42.585
65.285	42.612
65.186	42.641
65.097	42.672
65.019	42.707
64.950	42.744
64.888	42.785
64.829	42.830
64.773	42.877
64.715	42.929
64.654	42.983
64.587	43.041
64.514	43.103
64.434	43.168
64.351	43.235
64.267	43.305
64.184	43.377
64.104	43.450
64.030	43.525
63.963	43.601
63.907	43.677
63.863	43.754
63.833	43.831
63.814	43.906
63.802	43.979
63.792	44.048
63.777	44.110
63.754	44.166
63.716	44.212
63.659	44.249
63.584	44.275
63.494	44.293
63.391	44.303
63.277	44.305
63.157	44.302
63.032	44.293
62.907	44.280
62.782	44.265
62.662	44.247
62.549	44.228
62.446	44.208
62.352	44.189
62.266	44.171
62.185	44.152
62.107	44.135
62.030	44.118
61.953	44.103
61.872	44.088
61.787	44.075
61.695	44.064
61.596	44.054
61.492	44.046
61.383	44.041
61.271	44.037
61.156	44.035
61.039	44.036
60.921	44.040
60.804	44.046
60.687	44.055
60.573	44.067
60.461	44.082
60.352	44.101
60.247	44.122
60.144	44.145
60.044	44.172
59.946	44.200
59.850	44.231
59.756	44.263
59.663	44.297
59.572	44.333
59.483	44.370
59.394	44.408
59.306	44.445
59.219	44.481
59.132	44.514
59.045	44.544
58.958	44.568
58.871	44.585
58.784	44.594
58.696	44.595
58.607	44.585
58.518	44.564
58.428	44.532
58.337	44.488
58.246	44.434
58.155	44.368
58.063	44.290
57.972	44.201
57.881	44.099
57.791	43.986
57.701	43.860
57.611	43.723
57.523	43.573
57.435	43.411
57.349	43.238
57.262	43.058
57.177	42.870
57.091	42.677
57.006	42.481
56.921	42.283
56.836	42.085
56.751	41.888
56.666	41.695
56.580	41.506
56.493	41.324
56.406	41.151
56.318	40.987
56.228	40.835
56.138	40.696
56.047	40.572
55.954	40.465
55.859	40.376
55.763	40.307
55.665	40.255
55.566	40.217
55.466	40.191
55.364	40.173
55.262	40.160
55.158	40.150
55.053	40.139
54.948	40.125
54.842	40.103
54.736	40.072
54.629	40.029
54.522	39.974
54.414	39.908
54.307	39.831
54.200	39.744
54.093	39.648
53.987	39.543
53.881	39.429
53.775	39.308
53.670	39.179
53.567	39.045
53.464	38.904
53.362	38.758
53.261	38.607
53.162	38.453
53.065	38.295
52.969	38.133
52.874	37.970
52.781	37.804
52.690	37.635
52.601	37.465
52.513	37.294
52.427	37.122
52.343	36.948
52.260	36.775
52.180	36.601
52.101	36.427
52.024	36.253
51.950	36.081
51.877	35.909
51.806	35.739
51.737	35.571
51.670	35.404
51.605	35.240
51.543	35.078
51.482	34.919
51.424	34.763
51.368	34.608
51.315	34.456
51.264	34.304
51.216	34.154
51.170	34.004
51.127	33.854
51.087	33.704
51.050	33.554
51.015	33.402
50.984	33.250
50.956	33.095
50.931	32.939
50.910	32.781
50.892	32.619
50.877	32.455
50.865	32.287
50.857	32.117
50.851	31.945
50.848	31.769
50.846	31.592
50.847	31.413
50.849	31.233
50.852	31.051
50.856	30.867
50.861	30.683
50.866	30.498
50.872	30.313
50.877	30.127
50.881	29.941
50.885	29.755
50.888	29.569
50.889	29.384
50.889	29.200
50.886	29.017
50.883	28.835
50.878	28.655
50.872	28.477
50.865	28.301
50.858	28.128
50.851	27.959
50.843	27.792
50.836	27.629
50.829	27.471
50.824	27.316
50.819	27.167
50.815	27.022
50.813	26.883
50.812	26.750
50.814	26.622
50.818	26.501
50.824	26.386
50.830	26.275
50.837	26.168
50.843	26.064
50.847	25.962
50.849	25.860
50.849	25.758
50.844	25.654
50.835	25.548
50.820	25.439
50.799	25.325
50.774	25.208
50.745	25.088
50.717	24.966
50.690	24.844
50.667	24.723
50.651	24.604
50.643	24.487
50.645	24.375
50.661	24.268
50.692	24.167
50.741	24.074
